0.6356298955118257,-0.04273347873386929,0.13268380022702095,0.2810699922718182,-0.6100403875781658,0.0024217671120445473,0.4142658352112673,-0.21573802028735295,-0.06944241611888864,0.10145702268900221,-0.15571625505757974,0.4707950850196541,-0.47384318841352824,0.48992488064561823,0.02140464089830709,0.04927695110191925,-0.3054805870843409,-0.17817574716698084,0.36619596087661865,-0.09912859119615372,-0.03223358359268487,0.014808106871362595,0.0891835278902009,0.002867144707377766,0.08038770440129084,0.2065545028774023,0.021653799840153545,0.017287948578430874,-0.19877809896383486,-0.42251054813337746,0.3428154474040015,-0.0239457135707765,-0.0015171241583720645,0.27869428837831106,0.07900059385448445,-0.00608083449628264,-0.1945640985988419,0.12739861234852393,0.09786265875805017,0.35808653871211704,-0.2165388948810389,0.4185716321194918,0.008242532857244435,-0.4386412955549746,-0.12291507249640203,-0.03512763552511325,0.11454690689971868,-0.2999810741791577,-0.11485487118503687,0.11748407351713762,0.007743298517237332,-0.05001024963514274,-0.054042346951861955,-0.23455032958458175,-0.029386138440947875,-0.1022339704568073,-0.030961062175173058,0.1493608583955923,-0.07921039739227709,0.28668988557640246,0.21886420226642422,-0.03955190584853342,-0.4118715704147139,0.47234044858940044,0.28246343424545683,-0.3203072625633675,0.08289733264623864,-0.1318299559114306,-0.3009420945270652,0.3035680891353861,-0.30943924837521775,0.5287805546331901,-0.15893731677879525,0.378026943270635,0.05116968731781163,-0.22440074630106585,-0.02975222775585229,0.0060253246143260174,0.010516581291992616,0.3496676741144589,0.4713525078402235,0.4325198573135147,0.40380758297138425,0.03352117753773082,-0.08047706433172319,-0.26662876435194316,-0.18825410158028152,-0.3316740719062912,0.32620287825261457,0.29647768461205726,0.1476736790160847,-0.22612042992687614,-0.07858380773801332,-0.18277546011870183,-0.19202546278658475,-0.22942092463271924,0.37051336344793434,0.09764269039675932,0.012629993720138464,-0.05630929064087799,-0.07973927247279985,0.2205727792076331,0.20068358452386306,-0.03970843208854216,0.3328397437251039,0.05889600458099997,-0.021415766023217136,0.003542149431642114,-0.09331466290137727,-0.17722648342859068,-0.28817878670159314,-0.29780961582433224,0.07843038376489904,0.15411317141936842,0.2551146961750728,-0.17246881451499513,-0.25036002473242824,-0.3858597265055873,0.5335004740550385,0.22798055593596356,0.16915118177519323,0.04141027570899328,0.005260965330514395,0.2927332664647794,0.5174278071863235,-0.37424886378939004,0.24224237749641075,0.2133203530420191,0.3665146635396174,0.053880552988531914,-0.2549301915164265,0.3173226047167745,0.09893796214494685,-0.31241854639499034,0.1273043655310873,0.04165592675725527,-0.11416976710438927,-0.28313145675374857,-0.008207361963980146,-0.13854395440295308,0.14804741616468775,-0.003621498838855387,-0.22931087730536648,-0.3941530573991412,-0.040017353656645646,-0.19662223493197492,0.46138796946699284,0.24843797902480247,-0.24577056248620824,0.09171119490538808,0.18685168536692448,0.19051375112855318,-0.36050130266666164,-0.05282245240794578,-0.10672675065339814,-0.320052571226734,-0.6939193027611246,0.2521470928147651,0.43707341329141747,0.3774148698382083,0.37894847403395243,-0.28464683065587704,-0.14725562830467095,-0.18773271537496256,0.15889942219349046,0.249098838939631,0.070462558258336,0.16604118546207136,0.3590052392036278,0.020897925785655573,-0.18876183862932525,-0.14219995815282507,0.14532799654088108,-0.2822403778368519,-0.28667992300483525,-0.13294665176772388,-0.3399927991884555,-0.08801225729913037,-0.03985764916323816,0.003275221114919213,0.3171607737014996,-2.6655376109803453e-05,0.1631987652311214,-0.24854550548109158,0.23805241741181565,-0.3654855645074026,0.1911922748911956,0.16202951682674605,-0.030356461559961804,0.1638086162455316,-0.40289676148303877,0.05421618813992804,0.17629026122236305,-0.20839342068684058,-0.047411574382389056,0.11689646417114884,-0.10256275495381746,0.4389723300360115,0.018920570280063193,-0.034710378159076044
-0.0427334787341074,0.5918725964607964,-0.05562878442353778,-0.08270803481743542,0.2537338962016886,0.027681465911874648,-0.19496548789087118,0.11371024012681748,0.005906228092408184,-0.10139430824692183,0.05362742410477915,-0.18562823894732386,0.194382382487722,-0.20553025663256005,-0.0032805163137804546,0.001744984630989651,0.11835376252154667,0.11321295154495314,-0.12543619865741337,0.01371933438028893,-0.02673760869941266,-0.004590914618532851,-0.022143754650705838,0.014018129504159132,-0.05610141829850769,-0.09787128538606349,-0.043258882586753554,-0.030388705797310775,0.05979834445153944,0.203903588002133,-0.1204666216080571,0.019557318526044913,0.019314383333589952,-0.09408714722656665,-0.016016595448745976,-0.02875559623702472,0.06373379964564165,-0.06926486696511108,-0.02256458911502945,-0.10542054081140811,0.10206378601229875,-0.19079848134335925,0.016849905641853867,0.13792912877363264,0.0657117924787986,0.02081130584675242,-0.05524675652539186,0.111948574168978,0.03152062000151851,-0.06536882167353314,0.013072163460044244,0.05677697974212638,0.015277948118538465,0.10186884553304774,0.015125741496109676,0.06141950987100269,0.051024452341473056,-0.07004501786453819,0.01035857705411998,-0.11517768702951905,-0.08810122925391915,-0.013847215744496275,0.15993450033955248,-0.1916496135857302,-0.13621423687711445,0.15125521373998468,-0.0466000043560224,0.014443015366366423,0.13348498825900562,-0.08827106886905203,0.10929344272150116,-0.19526247622530338,0.07588126202487266,-0.1234584298902331,-0.040871223393156034,0.0426161587557104,0.01043015480937555,0.03167808201402574,-0.05379313304205771,-0.128390912632987,-0.17466451315896378,-0.15617790794445174,-0.14425347584999584,-0.03889588826215711,0.03425813971222289,0.08589618555531915,0.0794250089202582,0.1330637908890971,-0.13207999292849823,-0.11467431719260451,-0.010487363213574751,0.08898291062798801,0.059962653096109285,0.032677685077138835,0.09744905689982401,0.09481377443121032,-0.13130346061913403,-0.024845225397470378,0.014733481751423468,0.02192049139075139,-0.01583674123348872,-0.12866295667675876,-0.08018716814678152,0.013890953358621063,-0.16093490632570737,-0.04040718736862816,-0.03433033806907938,-0.006957013689364406,0.04391564052522935,0.06590572929009528,0.11545483867475624,0.14331115651799953,-0.05983642684800917,-0.08918564498226465,-0.06802975238686083,0.10492060640251313,0.08301092178159912,0.1327919521304146,-0.17263199990441352,-0.11664991658132984,-0.038255207921384704,-0.038204947587236235,-0.00689086645819211,-0.12402336590926895,-0.18420144243968278,0.12968180618306607,-0.14186127986157113,-0.05957369289882838,-0.16864791924145067,-0.03204494554041078,0.0862394156987607,-0.11475014178332076,0.007055041315330401,0.1206141844444684,-0.031429406717032905,-0.041526556313017694,0.09946867764292898,0.09916231437947293,-0.02451863070693106,0.032792723060717476,-0.08846039668324283,0.017166550555896633,0.09887314380354122,0.14808393963786157,0.006217349790615188,0.07016606453508706,-0.1923536228967837,-0.08577779208351216,0.11632586312478739,-0.050459867494222446,-0.06585756833029197,-0.09047540705087874,0.10800672314678104,0.030902015996242368,0.02526300380655057,0.12978552657413323,0.2576855167496876,-0.14655968086651033,-0.17251033637993898,-0.18223952177555136,-0.16298541321675178,0.09992205378908323,0.05569724447495812,0.04657739993394437,-0.04159219193147763,-0.07715539525036369,-0.025033075532909083,-0.04789308774281129,-0.184870182651038,-0.025349127067969452,0.07761991352296968,0.07119972594128078,-0.058888846687584026,0.12103742534803454,0.08624729901347702,0.06537972306104035,0.1282963021740406,0.06500950995866739,0.02030160977884965,0.005276946272442537,-0.10601485567262028,-0.02767263404156592,-0.059313448362394446,0.10757201772162651,-0.10334870800133042,0.14902114423123056,-0.1127062047844822,-0.0915926172665403,0.021560493284838507,-0.048861435707064464,0.13237881393755707,-0.03586143713708404,-0.0786858957921547,0.040462986616721236,0.01805211531149065,-0.040413477657757144,0.03705044475662014,-0.20011047228042375,-0.0036950469909565646,-0.004315191809725982
0.13268380022587445,-0.05562878442302118,0.9629754834748616,0.7098486666577547,-1.6365595952177372,0.04539388302268218,1.2255797908468151,-0.6182817813260862,-0.09945360162628379,0.39866760064302276,-0.34510436417165086,1.2336921594376935,-1.3032895042897616,1.2022273346814454,0.07724897516727894,0.13397390032123518,-0.7705021479812432,-0.5204537181955959,0.9581771081795011,-0.22813553268403092,-0.10556972406904552,0.041504935111815196,0.23314175390730596,-0.1215195379615698,0.12053773950379552,0.5194982597468237,0.17589159481374117,0.029667321246067385,-0.42528865611093747,-1.2714875563531582,0.8438166661834782,-0.07058142017238157,-0.1152557261403499,0.7445593613927904,0.2408088401064635,0.029555593720836014,-0.5443257713557963,0.2790504912121494,0.27863271641577314,0.9193601957485643,-0.6122130984601976,1.1044188360851266,0.043584085187429754,-1.14515798359348,-0.3712772162839444,-0.17754626401973683,0.33027366399716646,-0.8004155330836207,-0.31731802596536196,0.3881653813916866,0.020459255031572886,-0.15499060377662172,-0.19192330994594986,-0.5773949297792246,-0.06663982658032612,-0.27226152631581996,-0.11475876856833508,0.42694326256973103,-0.194485063331249,0.773209177223385,0.6358867055681846,-0.11902413613557118,-0.999159947681466,1.193269154409597,0.7862919062482963,-0.8505924089357695,0.23990475045595716,-0.35997215743304606,-0.7799119750593471,0.8128084038507096,-0.8967869824037371,1.3363131320276147,-0.4956827444046204,0.9469071460346421,0.20228613547000682,-0.6589264028121743,-0.03616646318098689,-0.004967344933984297,0.09725032137282773,0.9938401222140201,1.2286734567609279,1.2070678680071831,1.1308808579475957,0.06342640833660601,-0.22405413003589958,-0.6659902611827597,-0.5206130984477961,-0.8602863392688638,0.8535420895785034,0.7797608851037254,0.3907642613163754,-0.6093589588990936,-0.23884528167760552,-0.49207041882065333,-0.6088539587505408,-0.5746925069526162,0.9534707514426259,0.24537709596150054,0.029563710897239803,-0.16954511480725468,-0.12905930579446567,0.5557151442046441,0.49690581758625535,-0.14186773361382665,0.951211343178364,0.10810158280548518,-0.055975957464113574,0.08766469223885442,-0.19436066155187243,-0.43374025085223594,-0.8073817544612939,-0.7592848379131746,0.2589028545965097,0.5392863292464878,0.49982226175507666,-0.4806780555106552,-0.7141856400217106,-1.051587820925012,1.2838828863745702,0.5600351547873103,0.4039605968823446,0.13325603103887043,0.10030066862308842,0.7780596922139468,1.3874583298223007,-0.9690942576606889,0.649498724919564,0.48350822499532575,1.014032906623915,0.09461506869481351,-0.4932753347386632,0.8402157509386808,0.20845052301014394,-0.8586687953530046,0.19390868862490718,0.2133439278652303,-0.39152733887381075,-0.7103708558451552,-0.047844747970106086,-0.3718427914319882,0.38530253860810687,0.009135476452342289,-0.6151538610157393,-0.9219993815353407,-0.08909439665885477,-0.5725148260569676,1.1997625566712298,0.6851317360273951,-0.6145045105144582,0.37939433258414584,0.46696721721966467,0.40423471117339727,-0.9372933171485853,-0.11751555617934346,-0.22629113021979894,-0.768725233403045,-1.7763786726753037,0.6887161486453662,1.2122454407173358,0.9943183858775415,1.0381419628992918,-0.7324549868389327,-0.46586956304685523,-0.5353500335236863,0.49540356279330533,0.6626538929001621,0.25046252497596994,0.4644625872084172,0.9453940031126378,0.029794136420649944,-0.5270054544126692,-0.33071380292134767,0.4338291285385191,-0.6233176037048669,-0.751125867571799,-0.3561277951034698,-0.9109700761464758,-0.24741992890705256,-0.10627249622207918,0.022844609080586165,0.858675682210284,0.042303342404457656,0.39164031693424534,-0.6695385886660902,0.6585017525909157,-0.8743196838988372,0.5420610143032355,0.3900133064539024,-0.079759569403296,0.3900448559011773,-1.1000277127092082,0.2389538438611871,0.4765198654335383,-0.5175523897565679,-0.09541551124502086,0.2863854711046027,-0.2722542359979814,1.2283599065429782,-0.03303994201508379,-0.04477684284987109
0.2810699922691503,-0.0827080348162052,0.7098486666564819,1.7726875249354899,-2.763488342143066,0.011492200939769789,2.053487754140636,-1.1002217810181465,-0.20621328338322178,0.6345591595794362,-0.6402783474307489,2.0985809051195767,-2.18081638866238,2.0155206873803575,0.08138687893256695,0.1631462232505473,-1.2949309197488743,-0.8188492499386024,1.581431766373165,-0.37882758692904467,-0.1647827401538974,0.11136723138802979,0.3832770165071546,-0.17260450434753097,0.2262655061838953,0.8917480996572525,0.32294219917659034,0.08385737589008288,-0.7269091765374778,-2.131691860601526,1.5109043810572957,-0.11337946124273382,-0.20101803120409795,1.281849215709328,0.4045483708577054,0.062266606103932115,-0.7949527890267878,0.45433494932648494,0.4745883603922062,1.5544390547148315,-1.1140872334864864,1.8475274221557925,-0.030414040700026318,-1.9279018583632728,-0.6452100444819532,-0.29080229031882165,0.5674094776406945,-1.3425935793513673,-0.5050603159667949,0.6339097486368943,1.8289309138733167e-05,-0.22596563029785055,-0.323598911228019,-0.9250051076777503,-0.07589183479936808,-0.4679216592140303,-0.14907421059041345,0.723993334659291,-0.2713777643225907,1.3718091803137775,1.083202276869483,-0.15192733617720383,-1.6833529672209642,1.9834787463769594,1.3632322807692825,-1.4816963426715433,0.45480384924445555,-0.5649498166111501,-1.2930625891714163,1.343894091205429,-1.4795805011023597,2.258047997909474,-0.8036787122122683,1.604491018201289,0.3697874816899017,-1.0767965321604294,-0.07147711767130574,0.019707081496372673,0.20942942923315735,1.6339086215405427,2.1000505468332125,1.9975659998192887,1.8470547849032366,0.20945078786395235,-0.28041562300549017,-1.197330723699747,-0.9184060017764772,-1.4003452395576153,1.460055571164938,1.2714821801013163,0.6633927297983832,-1.0132011600439015,-0.44862008266937925,-0.9179246070868571,-1.0951593474108796,-0.9969041473185585,1.646065630035904,0.4900504647796935,0.006889940782240214,-0.3647223922380906,-0.21363966473505627,0.9607131942971018,0.8572077091018951,-0.1874286052592262,1.5789936009990384,0.16892126351630854,-0.12033095213773748,0.17358877876348772,-0.3241170782612953,-0.7445912869629987,-1.3321653409038998,-1.3074288228361624,0.3767720518513438,0.9061095738640232,0.874432301850815,-0.8413101910139196,-1.2530523574667,-1.770466403239727,2.3084461609168696,0.9886632347338538,0.6918259608240473,0.20897012170647478,0.14048809456157213,1.3158347575808003,2.3358356234751443,-1.6953158491563183,1.0957488236409632,0.7921255991295618,1.6832940818267152,0.13413006160604796,-0.8353805059286219,1.4563940087407634,0.45199197051610057,-1.3799666472860335,0.3051480349488528,0.3465157205330184,-0.6047332086272055,-1.1921147716097864,-0.007450475795315208,-0.6248223485878842,0.6134550926620498,0.012499666460328948,-0.9894462905217672,-1.5744158301127962,-0.1392953035866948,-0.8888880710745813,2.0220388901673014,1.1306816722404651,-1.0718078563483848,0.6374061307576675,0.7743724176150293,0.6678805952386055,-1.5875581096319569,-0.15870913002572418,-0.4159134687124742,-1.3262557235394243,-3.0447777081835556,1.1990168532526473,2.0068688318745043,1.6594470147464246,1.7847260205373108,-1.277912887405046,-0.7813907573458179,-0.9273071146002556,0.7804673299406921,1.1111587013816215,0.4431570073626091,0.7181774040877975,1.5951400226808334,0.015904331883239056,-0.8521369236635814,-0.5852850845123534,0.7462229376170569,-1.058884969471981,-1.2936414197001405,-0.5285466163121609,-1.5239852990875096,-0.4655818812709074,-0.19038695054622096,-0.004027474705328847,1.4029645112131468,0.033731858734912176,0.6648600614801461,-1.1138485117435104,1.084011680447407,-1.555816609702622,0.873519307147785,0.6467488874785413,-0.07649064903948652,0.6715953236264487,-1.8525880078104602,0.3981626266095255,0.7541226406782748,-0.8511204355947989,-0.10876296670377744,0.5240047578117735,-0.48147172759599227,2.094791401821237,-0.06831798710211005,-0.1256052587303203
-0.6100403875743119,0.2537338962001234,-1.6365595952195422,-2.763488342151592,7.115721588677437,-0.03072369761427376,-4.773784638665865,2.5485958798123156,0.43419166060474407,-1.3793725658042586,1.4392317068709324,-4.8876728215483025,5.105328439250029,-4.786944518020613,-0.1831032731609954,-0.4572014028588576,2.9781292431337345,1.9199205864739546,-3.6750169083936663,0.9241908137789254,0.37042572572344584,-0.19403438193313868,-0.944635555178663,0.389180954596816,-0.5098119787478798,-2.0861118770002554,-0.741621068690888,-0.22904800778213555,1.6660766064360912,4.997712166942796,-3.583288709873922,0.29463155215350734,0.4054314980406214,-3.0156994349224715,-0.9259396107314578,-0.1581357047617446,1.9101761004129765,-1.1253408403600282,-1.0785050907613412,-3.6613484142170747,2.519984275080539,-4.338458573285053,-0.042240502044662176,4.469944220402763,1.51661528742676,0.619006271846841,-1.3907065752963172,3.0785354600707904,1.14832215199931,-1.499935891938353,-0.024433149412317695,0.46828517102022826,0.6512512507292041,2.1695243677548812,0.1591347304625329,1.0452132566082102,0.3384026811804365,-1.6532744620712696,0.6781138174044624,-3.159685510131091,-2.513520888188688,0.3951627007138759,3.9730030293490586,-4.639032681673509,-3.1400591041650348,3.4524830763676118,-1.0022441784375622,1.4445268381629797,3.022620358842729,-3.1577104198876276,3.4133047781172623,-5.309984415318433,1.860854749652624,-3.742331812293671,-0.9156252607244173,2.4571474054635942,0.08742786301019452,0.03244461815251501,-0.4221619003643276,-3.8734763468052873,-4.871116337258576,-4.771058560604189,-4.330631872442864,-0.41464141192467807,0.7156936996162393,2.787729843679898,2.1181823063918364,3.3804377365771736,-3.3897142764964006,-3.0507825789820693,-1.588172062876358,2.352880901168064,0.9854446981031414,2.075897147688471,2.4082137155537624,2.321162589154845,-3.8811550089910876,-1.0537462193933005,-0.07160092834347057,0.7877723647030077,0.5549748091000952,-2.2850229992040827,-1.932742068645124,0.49890226975342816,-3.6997535541329483,-0.4622097885886174,0.2550892124744928,-0.3623570374723379,0.7649735779967555,1.8400995935401694,3.13760494325864,3.0476982438050517,-0.8957866779579844,-2.1190091911371463,-1.9629470246584733,1.935527094210729,2.9058253871253514,4.165783427969763,-5.3644949257231636,-2.2585719066717167,-1.5427423285494626,-0.505665383902302,-0.45916147716284483,-3.1454243384552356,-5.5669872552529505,3.8224454160729473,-2.6133153187921034,-1.9232400973543753,-3.9929766624996392,-0.3400334399002963,1.9714479118939656,-3.456817205738162,-1.0047150507094122,3.2973857808522347,-0.6588596180850963,-0.7880483371360807,1.3683154186858577,2.8344001004717057,0.050223622545297095,1.4688373294995771,-1.478313681944393,-0.11043304761624584,2.357349383000852,3.6862662762862946,0.3050891057026761,2.142151835836086,-4.767443250617659,-2.600380574473169,2.4835271323764765,-1.3671810616440006,-1.7583077075812235,-1.6146738061263697,3.6535340297401446,0.3432839584658936,1.002565041158275,3.096803072568206,7.1538747916100185,-2.815671187722842,-4.774946663765969,-3.9373218079663994,-4.097061240957825,2.9694381219624018,1.7846878415032823,2.1788872756615105,-1.8404570521423758,-2.507487349253504,-1.0454805107196714,-1.7118362474311488,-3.67663756562551,-0.07141389369474463,1.9471462201663494,1.3214967541003821,-1.669631765521976,2.511263091903593,3.0333376467619915,1.290020284343932,3.572718241311578,1.052176236258589,0.4493069410140053,-0.06990824964493578,-3.3248926173610265,-0.11572600089243251,-1.5723132776040276,2.656849881502231,-2.5280358699300494,3.600126269056378,-2.073927138522878,-1.4920528110909104,0.14525080409623367,-1.5119108289783578,4.272125645133859,-0.9421008650314006,-1.812145945123618,2.000236432277383,0.308788081690836,-1.2517627350884324,1.1047742754214789,-4.900150517760104,0.10389202103634512,0.2541271585243592
0.0024217671110691695,0.027681465912294565,0.04539388302018882,0.011492200935193595,-0.03072369760379069,0.5450535957875832,0.04205499555528132,-0.02155830503182525,-0.01944426520883896,-0.003589781606786683,-0.013837304512729562,0.04727471429121922,0.0009670717512413264,0.004261083359099112,-0.015882199403529765,0.00840739722923974,-0.036035496131010016,-0.003140938906130217,0.05532820271108234,-0.05700757781345467,-0.006482776342868847,-0.035190527150193746,-0.0006961990665518122,0.025263642087349242,-0.011424341363751247,0.039095158843798605,-0.014123741834170592,-0.01135705551706797,-0.024553785906293563,-0.03656795738865475,0.017921493415993077,-0.002381486404584821,0.014823427439522367,0.02655189610347233,0.012501985351306054,0.05311243141393726,-0.03095189365867298,0.012495873611979277,-0.017998092135506214,0.005278969798822354,-0.050052815187549324,0.03368540257272255,0.007215071145486127,-0.010324419401393784,-0.016125763090794217,-0.006158300450103318,0.020309516905981626,-0.04625087480568355,-0.02249908570786414,0.043203266118822935,0.0005591752349234475,0.016455507109634674,-0.013871400076342992,-0.020439188318151582,-0.04168509200850092,0.02345391871085112,0.014633581741746487,0.03046639237736521,0.0003951391448442533,0.014054390481695616,-0.026303695842001287,0.05808417961031677,0.012970322877622559,0.005144234405356189,0.02620620552911267,-0.07384956809143636,-0.0016475054288769952,0.01611054594172126,-0.03420613257356666,0.016615814324932823,-0.014932920898786938,0.04109872534716398,-0.01155099559814064,-0.022913024030048683,-0.021438553531895676,-0.024116996176453052,-0.005866471585538532,0.0028946142676257603,-0.019053187461027268,0.060367349489959796,0.023266205892232827,0.03891139680417683,0.030798700665248292,0.027447050049986117,0.01722058698797578,-0.010839826275115984,-0.043479091391584304,0.007009410741725855,0.02163697218759314,0.0585403584072761,0.0005515996673012733,-0.04056085024823592,0.03855322854076838,-0.0034477466783703645,-0.009565054842890051,-0.04062775385191031,0.02106472812425945,-0.021586070263954635,0.011014292782586647,-0.012691346393121947,-0.002765169227369738,0.034401956980796025,0.022666812879519847,-0.011397531007736699,0.0026100925188490575,0.009780266489792121,-0.04339403398283783,-0.003781144904582987,-0.032711774266832715,-0.0021662551965066375,-0.016535230506125414,-0.06087345972670688,0.008782425245532008,0.0063943459059148805,0.017562226563177477,-0.014030871717781439,-0.012597344881807297,-0.04400976994827687,0.04554145384517765,0.04426181375158818,0.008764167069238512,0.012772945691591183,-0.0019664622926874775,0.005161910076955866,0.01971356842227159,-0.03753883985121003,0.014619138367604992,0.018514192994165415,0.004949219593023127,0.0322078375950639,-0.012959128600896508,0.013228059764217717,-0.00980908746297586,-0.01338410862004005,0.0251913276494117,0.011241437246121786,-0.043540774899500756,-0.03144792069244843,3.60265314814644e-05,-0.010480062433851661,-0.0025554176607230756,0.011604469631511951,-0.04580037103586739,-0.02894680406031526,-0.0048075688536030605,-0.011590960180032627,0.015601003248425676,0.00019159686641373778,0.008634967187119584,-0.019251725086344956,0.051032504369991946,0.002599679578881342,-0.029345136424623962,-0.002257587598598177,-0.028473630282694378,-0.03463202116387478,-0.07598122657206273,0.011592891932988904,0.023916329197223824,0.018180812013244108,0.02493805422056615,-0.0005681574709130656,0.0055993665395878585,-0.04201296343194222,-0.0051980153049513474,-0.0038246052798014425,0.004041584664284197,-0.009481330193605461,0.007183448264391159,0.00883516958513943,-0.04824285466583602,-0.024363895434650843,-0.007334586392442888,-0.025995729704451995,0.032191214179272155,-0.01448576619536781,-0.046210545300754045,0.008458110184314492,-0.0009809856258706881,-0.007033633469902032,-0.004325138003934082,0.0012171779231720465,0.01338957146785165,0.004798629497896791,-0.011019378926839803,-0.005194593346293852,0.004480770396531818,0.009663502991745499,0.011007585696932866,0.034668308135155805,-0.008885576811833136,0.0013745464258814993,-0.012070203150933734,0.0060048014022133335,0.008815943881895442,-0.011082918059154767,0.015975515645899534,0.014969664144559629,0.005607732179739192,-0.006393588406627291
0.41426583521020477,-0.19496548789031293,1.2255797908515298,2.0534877541529557,-4.773784638680836,0.04205499556264592,4.107981552156233,-1.8857412383296956,-0.33240886348446724,1.0132117454376377,-1.0606814603952184,3.561882895236164,-3.77082228665957,3.5592752858355157,0.09862672427504668,0.3654961825787444,-2.226478985886891,-1.4385913526263412,2.7090582757258983,-0.7334519948611238,-0.28625311177067353,0.1700351003094133,0.6968539797085972,-0.2808192591738752,0.35085001367432433,1.531081368516505,0.5013210464718888,0.12706259163978587,-1.2835680510276066,-3.6883069039352843,2.598254760092995,-0.24685463680738012,-0.3335574862961471,2.2024356995244,0.6885343545587241,0.1016582589456032,-1.426539353356204,0.769075386258492,0.799150815331688,2.693365683760764,-1.8933944074437867,3.1668942460496523,0.03462056613444077,-3.3143110550493895,-1.1144889516143204,-0.4548860842357131,0.9784367600142698,-2.2852076244655293,-0.8217160043164741,1.1013624729026001,0.049692554597712796,-0.40329239256157223,-0.4676168852503009,-1.5699165660193715,-0.1351799357163941,-0.8050938842141568,-0.2538783944248839,1.2130989674010781,-0.5167000868450885,2.3146831420773784,1.840774633511549,-0.27617648714426035,-2.9033579839703254,3.3852847396912735,2.338256297042489,-2.5311698258117183,0.7044075547974477,-1.0811211120091029,-2.231215339556234,2.310391422479615,-2.4843950682823546,3.921723760159291,-1.3960776495156781,2.7656815365322824,0.6713372152106759,-1.8171299527786082,-0.09860911145210796,0.03576166092022855,0.29590256002211446,2.8733839014860916,3.586071937002791,3.462012456308362,3.2046002102889464,0.29627608684808626,-0.5404095116921533,-2.0977659559951745,-1.5477359732430478,-2.4507053595991226,2.4908445974022437,2.2229555248663786,1.1539817741565432,-1.7066559627780191,-0.7335048403242631,-1.5072899166267149,-1.7980516598980523,-1.6638149190865306,2.841846242404793,0.76667524398023,0.050445642036924185,-0.5539785556675556,-0.36533332333804924,1.696509147802511,1.4510155273098633,-0.36712565033380684,2.775252397650193,0.3546457846232786,-0.1610415864573838,0.2711582790552441,-0.6215988433327184,-1.3784219906147872,-2.310881391384155,-2.238208093570322,0.6576967708248797,1.5851762893450958,1.493987642916615,-1.4235401259895333,-2.138352764676278,-3.045984038794631,3.9782668133434953,1.6275322806869503,1.1572981162180898,0.4184337763533045,0.35172636354779085,2.2892230615159046,4.111151598724293,-2.8225055517415765,1.9259041923189721,1.3888491235126132,2.923797641005012,0.24262093400054002,-1.4334207472025402,2.5044983399163008,0.8100137916905293,-2.3817733323019326,0.5202459799445139,0.5978518170588147,-1.0610625518157608,-2.0916527533815317,-0.012698885880411473,-1.0910312705000966,1.1120845496699339,0.047925395464356924,-1.7337794983470796,-2.7018851650704194,-0.22352978630307713,-1.5937649433055117,3.5064267239706823,1.890825248273224,-1.8137430748161607,1.0082039940577747,1.281447035177229,1.1771253814027756,-2.6976103337507027,-0.31627791487000234,-0.7796563845729546,-2.2468847731468213,-5.244914479176219,2.077676277551937,3.4956025819818604,2.8843204431655787,3.0269942210737515,-2.1848120510663773,-1.3231300627921194,-1.5851630844554587,1.311392177163894,1.8340646777067082,0.7640869817317062,1.3078128458600577,2.7363086775475094,0.08288729356771596,-1.420253114800473,-0.975995086911269,1.236414580858015,-1.8667005038399416,-2.215115899676947,-0.8674298033932374,-2.682289242280458,-0.7788333230677666,-0.363043206898853,0.005194579403003816,2.432673314218953,0.06956226368495796,1.1476026511365254,-1.9907190985189018,1.842140651137256,-2.6506741343052886,1.5175821709107307,1.121939741994666,-0.10462737471655706,1.1060097623285448,-3.1570757222926207,0.6944306548713938,1.3417342299737356,-1.4591603345750146,-0.17721322816735946,0.9150266198691489,-0.8306298483894212,3.624573498627285,-0.148521456061942,-0.22280948056753966
-0.21573802028733657,0.11371024012675406,-0.6182817813294897,-1.1002217810261168,2.5485958798237878,-0.021558305035537795,-1.8857412383325567,1.5531973491186744,0.2059839031856492,-0.543206763608503,0.5269329274114607,-1.8933150732800152,1.9979362146973434,-1.870802033876204,-0.07201459079803704,-0.2085046498149094,1.1788779591941099,0.7487298222147074,-1.4277499987536528,0.3306216620391392,0.15503843768431697,-0.08738043106796575,-0.3286397660937318,0.12154849934456893,-0.2305666238176648,-0.8128625943706552,-0.27506724746276945,-0.03613753970193512,0.6383769749371704,1.8782516594784178,-1.3594683772033251,0.08759702460199807,0.15947860996424912,-1.195772933736371,-0.3380731068560053,-0.03418627906870163,0.7874701755275423,-0.4224926674750452,-0.4419643162961153,-1.415405704290042,1.0014438590099617,-1.687939480572299,-0.0558750129002522,1.7492224208206677,0.5833003868650007,0.2538731347751793,-0.5455504714357162,1.205585518708792,0.423747968192941,-0.6125679951014041,-0.03148995278444251,0.2171108966501653,0.2530202713473509,0.8869065479524786,0.08242814543663587,0.38627968940206686,0.11139290817081997,-0.6575714889123916,0.27807354713061283,-1.2323157478328448,-1.0064043582552415,0.14043580816870754,1.5393501688060705,-1.8184435147595572,-1.2080063708186979,1.3510927758540263,-0.3488173287572402,0.5543753029926892,1.1930396784080488,-1.267803830458751,1.3416358301419007,-2.0893543336337452,0.7692886586391644,-1.4515532305998582,-0.35537946768664697,0.9835131273179237,0.0528800341663099,0.01825215561553016,-0.16110604109174592,-1.551816268562711,-1.8831994891598773,-1.831442280964125,-1.673713818172041,-0.180458417516268,0.25992720913142336,1.0605825037358947,0.8042078423140814,1.2953551065574584,-1.299468133263127,-1.1838957492047006,-0.5803899684205893,0.9158411257406994,0.37268316389798,0.8334281196674961,0.9855200763797577,0.8916261974138012,-1.5225049550123126,-0.4066971555848224,-0.03696430442893762,0.31315985479681935,0.22564452536697568,-0.9292775639885786,-0.7485440829723919,0.19298564889676934,-1.4228375326833949,-0.178803725115729,0.07770465112628054,-0.1493868448833639,0.340387141633027,0.68759585177581,1.2131303752872418,1.1482374100011783,-0.36845123500440013,-0.8356159529915261,-0.7702050061171412,0.7143780320421473,1.1095961242347656,1.619535149947459,-2.0789721677323145,-0.8776077840132858,-0.6425555933269135,-0.22553402148167512,-0.17590353838603998,-1.2303645678314121,-2.168906987634578,1.5237740926735854,-1.0402174339039123,-0.7775028192899207,-1.5533578457098476,-0.15314556581026734,0.7697145766697095,-1.3701292335269226,-0.4479369568575976,1.2444921174890011,-0.28027231528494706,-0.3087706259506002,0.5220357955284765,1.0966863118038688,-0.003504697902530003,0.5944766141433955,-0.6056534080013134,-0.013363322542415783,0.9123007411640774,1.4156408948892776,0.10997060098010007,0.8411981654570511,-1.8755577275918687,-1.035486212753287,0.9536047749485936,-0.52854795929486,-0.682612465916282,-0.5885142668034605,1.4537703790955852,0.1266034978680724,0.36449513213350004,1.2216598986614668,2.7715535818459274,-1.1128055952791729,-1.8346172967486887,-1.5459004084698686,-1.572570888812959,1.14276548617323,0.7235321753009837,0.8335303312838513,-0.703467821519418,-0.9753218187598904,-0.3904939364406571,-0.6860728450065499,-1.4427850864065348,-0.0545665762257834,0.7596080405501708,0.4735299407892543,-0.6701740333126273,0.9855922509871299,1.2100200720442364,0.513295562070091,1.382659688672287,0.41853027142867016,0.17526622039142833,-0.015503429155967433,-1.289463950364713,-0.02243618492569434,-0.5805326880663585,0.9944344504272998,-0.957679903242786,1.4195884829326897,-0.7929231297768204,-0.5656972786456149,0.06035175666994168,-0.5652383842177274,1.6851862982218186,-0.38538626200462045,-0.6667772469289182,0.7605934880546379,0.09646263886750056,-0.5039314346641245,0.4850649396042788,-1.871203421131905,0.0739879574988001,0.09915235483475486
-0.06944241611854536,0.00590622809245348,-0.09945360162647501,-0.20621328338397427,0.43419166060472963,-0.01944426520969209,-0.3324088634832089,0.20598390318470544,0.5557732639351499,-0.07253755715928834,0.10777863744038936,-0.329635205668118,0.36886309383829247,-0.351731172907345,-0.000990436378523852,-0.04486192492038818,0.21795138489921417,0.11663059621548957,-0.25634240967825517,0.09728777431385602,0.02684697356435507,-0.021888268747436705,-0.04950886424568311,0.03913117866369233,-0.023124459636003077,-0.16333531355066008,-0.059738495300363445,-0.022631925046338822,0.12562378903941365,0.3454936585678078,-0.22974622628031474,0.0049553068959141185,0.04067509596970145,-0.2144769550583323,-0.07508931206261928,-0.013823776214950501,0.14579974355670897,-0.06779295788660329,-0.0590945293254448,-0.25674069268359606,0.18294415264966932,-0.2919084366916927,0.03140765315403913,0.2865615932744768,0.10277982115088712,0.03130514956188943,-0.11434982829928275,0.20976222302603023,0.05254947842113773,-0.09122696369612142,-0.013786031389950947,0.021394252903987644,0.03078078314891315,0.16162358719374306,0.023976951669865035,0.04605152243635936,0.0466154322793997,-0.05735306456282202,0.040119624301220645,-0.18824876246259642,-0.1563461697397156,0.011045435892718485,0.26709934657172946,-0.32084903160182354,-0.2041778294021518,0.2675824907593201,-0.12408701214919624,0.09242063215609606,0.2555743500404949,-0.20541649545472151,0.21495279062988806,-0.3715349111774654,0.12684014702589952,-0.266126018010294,-0.0588946056780465,0.1984530275286052,0.022078692651025727,-0.023158251259160725,-0.019221077711752445,-0.3011738000087695,-0.3683634232209643,-0.29469365249092677,-0.30536027077596967,-0.03538182622589225,0.09157544802743553,0.14163048943088596,0.16114007004028644,0.22973282823795613,-0.25630398996021514,-0.20988703138710757,-0.1470377075283937,0.1490667605831055,0.08653160220364074,0.16615131068052494,0.15480390469594446,0.1237950126059246,-0.28548244939404593,-0.060715639870721094,-0.012546944791952187,0.030208119104676898,0.008331874864223513,-0.1578637729981007,-0.1207964945552677,0.0602820201133903,-0.2707146845451258,-0.053101457047034645,-0.010208860883140602,0.01360785642321422,0.09868401932662532,0.15249056485435664,0.18954860508310375,0.17289703786809818,-0.04355583543205576,-0.13797482421449705,-0.1549364984237219,0.1639061689523299,0.20229268870202655,0.30990397870377656,-0.3557669264504268,-0.14141639500704148,-0.13768238548290718,-0.056038313062002895,-0.06696397014597394,-0.2592675723838467,-0.37683990113847154,0.2498483996861753,-0.20361521147396175,-0.14776617276994308,-0.25236888531646845,-0.06755499517698318,0.1347055515114496,-0.25215566760659064,-0.07346006852303472,0.23781304886345944,-0.03244943166313512,-0.014051451118575005,0.11329458944377058,0.17477097163297314,0.0036918459212120945,0.06978734214134089,-0.10274581084820726,0.003056355860441135,0.1979035783001918,0.2017383896568959,0.011153611652663218,0.14230610287575401,-0.3731107579615229,-0.173791699479167,0.14759719312982045,-0.13589426902984167,-0.12683822804238692,-0.13110676784619935,0.23856507884834705,0.05057089682532411,0.057343564321900485,0.26215955098014654,0.5162408909278605,-0.18252443758320971,-0.31691746484668903,-0.29598858874276807,-0.28891368344161056,0.21922147603355466,0.11516719294984384,0.15651343306699084,-0.12645832764600018,-0.1848501375741966,-0.07820401724117712,-0.10380042256932666,-0.25710880489845966,-0.0023078600044782478,0.14441206947220034,0.08278011358078433,-0.09332292154377972,0.15339848499430225,0.1930016032409611,0.10113451187277984,0.19570094396885995,0.0636379462360972,0.02930044325970375,-0.021705580363692197,-0.22554063031004143,0.012806442120098122,-0.11339719898012346,0.19264096124101115,-0.2101631274626718,0.23133946051058857,-0.15410628569204315,-0.1258560449663206,0.030766818275832723,-0.1319092378059578,0.3445480453368738,-0.08801192144899274,-0.16481492308692586,0.164656375140272,0.03972694744810007,-0.07161477246195944,0.07898387324277921,-0.3164220441657623,0.007930280755728047,0.017407088223515308
0.10145702268868115,-0.1013943082465119,0.39866760064410767,0.6345591595825446,-1.3793725658074185,-0.0035897816047769995,1.013211745436989,-0.543206763607315,-0.07253755715953067,0.9044376088980933,-0.327439619084807,1.0244141294650284,-1.1141234305149283,1.0115901631189013,-0.005627384218945479,0.08846657939588426,-0.6366692865243039,-0.4112866055154463,0.7892324252169631,-0.19361794351575917,-0.11025192845390314,0.034350210820755206,0.18623056541449368,-0.07605218172097271,0.10353732965291165,0.4352655211196498,0.1382818034175669,0.052265521362212145,-0.3688414737340259,-1.0584631383984373,0.7817021396927922,-0.04404785078627858,-0.08929717263700618,0.6466896466656574,0.1843357383696822,0.026465700947540406,-0.4274015396950463,0.27545507965234345,0.23599871667593492,0.81304502070122,-0.5194360682445328,0.9198330407474643,0.0012910571831734677,-0.9447894523306075,-0.2846284958258918,-0.12123446678486843,0.30186876809729646,-0.6731554174678823,-0.235901928487894,0.3548691644926993,-0.017567056898050538,-0.1577431890716674,-0.11230127941045302,-0.46327699842406045,-0.03903952697666218,-0.25721395074838943,-0.02265982326297513,0.374624162599541,-0.14131956121852074,0.6702832317149751,0.5261589928586919,-0.1007403983797106,-0.8566017042953371,0.9617984641672176,0.680011887097852,-0.7414252123744182,0.22021666392226477,-0.3309128058236164,-0.6345905587769161,0.6828685452344926,-0.725049047794994,1.1324547046195732,-0.3717383031007876,0.8038041944112506,0.19563821569778433,-0.501532736572284,-0.05682218764815089,0.028610093518837584,0.08077954034149157,0.8336243706793063,1.0494342966957835,1.021581998497873,0.9558846133268455,0.12187026213610869,-0.18766334784811325,-0.6109243961226768,-0.4634938887563031,-0.7454938995318926,0.6799790108532964,0.6714697564537208,0.35053140627661483,-0.4939261758016183,-0.2000908683037312,-0.4567314437675179,-0.5299487600403314,-0.5157163290161834,0.8344655357292194,0.22617807528244055,0.01836765032825672,-0.19839680245034114,-0.12860539093300843,0.49218366988009976,0.4218270905106279,-0.1095908098037931,0.755988524484818,0.10713684382664676,-0.03801421676523407,0.09418743424394399,-0.1783635882514482,-0.39153046304903094,-0.6649008914459146,-0.6543429981641945,0.17792682462373494,0.4432555279602374,0.4350091997400313,-0.40581298462908655,-0.6315861861747917,-0.8694146063307341,1.124958895502892,0.4887774744060156,0.3163327536935125,0.10779840497821064,0.09257015045686803,0.6364458810952214,1.184511729820615,-0.8100551377018257,0.5701422991695253,0.42435280408484755,0.830097648653132,0.07515997373773906,-0.45493161698714124,0.7501365478461052,0.24548444906586248,-0.6692555783944198,0.14716467093331995,0.163239200783377,-0.2829632840819508,-0.5970169906456011,-0.040350374783947415,-0.3549718261850514,0.29968586616955034,0.03575475025238349,-0.5160517994585347,-0.8117918812331208,-0.07352137976652633,-0.46009615779961877,1.0152957760858285,0.5797368832485804,-0.5427804674119368,0.3159643998009468,0.3783725359968595,0.36789952987769603,-0.7867687920922706,-0.07606585686329598,-0.23471501274073733,-0.6604899268455722,-1.5779717524271089,0.6240687038230318,1.0111954043265299,0.8501820696559381,0.8674269889686984,-0.6428466037244377,-0.39579421792426656,-0.46422697633555954,0.4322111221470506,0.5252378138291303,0.21792895131363785,0.3660373076802677,0.7725197016502946,0.0013739838193747769,-0.42550759634980506,-0.31102736420423843,0.337252629155264,-0.5539054523412462,-0.6355350140441468,-0.2638765754406847,-0.7632674031069432,-0.20105870067171394,-0.08999526985452841,-0.029498178342426698,0.6898880290922904,0.0010092503971060665,0.3254208135914568,-0.5599241508115684,0.5097170366731649,-0.7894263621086819,0.42107724058087315,0.35303168210035585,-0.09929997749015343,0.31532014640439227,-0.8804337451272445,0.2031218911740559,0.38816294329312145,-0.45431723749522746,-0.04599768470537105,0.25483771565166813,-0.25099121657760914,1.049414025125552,-0.061148303918341,-0.030846130481921346
-0.1557162550569033,0.05362742410429687,-0.34510436417214996,-0.6402783474324399,1.4392317068704825,-0.013837304514999878,-1.0606814603917711,0.5269329274087673,0.10777863744023279,-0.32743961908417746,0.8655340747277112,-1.0507147485794466,1.1283827223402954,-1.0263702014124587,-0.036832240031173975,-0.1183678815129834,0.646554412955227,0.39293764943251125,-0.8226679960874252,0.228175706308445,0.06963447511692258,-0.03904793952690653,-0.21689674382289031,0.07676423233080093,-0.096116404698997,-0.45300591622090364,-0.1520154993863952,-0.021669031997875565,0.36887386011103196,1.0916416594363285,-0.781773922121582,0.07628531558287142,0.09438177001539688,-0.6404194440287597,-0.1739044774063191,-0.05989020706772287,0.44857623612638375,-0.21829401114913535,-0.24653133836620197,-0.8135902116755248,0.525464963542011,-0.9670747309796142,-0.010420111464172627,0.9769863358240984,0.3098881628597186,0.15981136416790664,-0.30155028637662046,0.6869781431871844,0.22127698320556466,-0.32638872353477466,0.0008995570315038642,0.1260499009430215,0.14392460641654276,0.45452574089379844,0.0508856613682296,0.22902037971701172,0.0829556855171705,-0.35886093325814905,0.1326738916990421,-0.7046559709147074,-0.5264245962522279,0.05015148292813515,0.855424042263203,-1.0152431202317604,-0.7235482106100444,0.7328409023687319,-0.2057275546316945,0.30276700388270994,0.6652827446210295,-0.7056993038910016,0.7589816352474901,-1.1873907164361486,0.40270263890233,-0.8071946054973261,-0.1824368839117756,0.5228457061725659,0.03943471472233873,-0.021693255564429408,-0.08225487084179758,-0.8578198266455982,-1.0674430597788158,-1.0659882462422763,-1.01264090138778,-0.12637138050000865,0.15084909563956414,0.6099020941686035,0.45279505553670263,0.7789571257996675,-0.7673023464052114,-0.6605981157361035,-0.34701870265769863,0.5299670719432521,0.2583693649521905,0.4817543177212535,0.515520135058303,0.527971174635394,-0.8982128795429151,-0.269583081223675,-0.03460798393872628,0.177693816708926,0.1271727334785641,-0.5159271542276468,-0.4202842780736744,0.0974673934283522,-0.8558778085163015,-0.11324229549577433,0.020796170619702244,-0.1138280504221022,0.21361534911341978,0.42451913259863217,0.6973278231386386,0.6565527397372969,-0.239957501718241,-0.4642579747537451,-0.4428557698532246,0.40235738113774244,0.6432250886017157,0.9247886550594239,-1.2017052029467878,-0.4643217487915964,-0.33830057771431143,-0.1504558114964614,-0.09550675641011697,-0.6812178075752602,-1.241522513854196,0.8720753073291229,-0.5758627749183434,-0.4248597139718299,-0.8734999268104433,-0.06559670894023847,0.4450538194029813,-0.794525165267433,-0.2557008982676041,0.7340786590524,-0.15106414244141733,-0.14076232969674016,0.28693799735646597,0.5981144890896868,0.020433155882182114,0.3193732515985709,-0.3255480735062066,-0.03906234258374931,0.49599421493516876,0.8256945126552939,0.05578339196539817,0.4789617428581318,-1.0686290368611253,-0.5615169857102887,0.5536660560906715,-0.3013465309858668,-0.3516718834395845,-0.35200438779041654,0.7874038052443801,0.07471502331821259,0.22525521841649415,0.6874101834566961,1.5777904979626467,-0.6048401909340497,-1.0725303990896475,-0.8875742089862442,-0.9060386909648972,0.6767198248489776,0.39827409775155903,0.4400421479371868,-0.36017618250819516,-0.5686334676745829,-0.20739845594329775,-0.3896934366479361,-0.7936069121066704,-0.009425297387829172,0.4489820749195804,0.31132106803648163,-0.39652906874680355,0.5660382228907034,0.6715540202965415,0.30980347718721307,0.7868286192944929,0.24637176064583116,0.10333292278371192,0.014822833091495895,-0.734720643300929,-0.04732955008887991,-0.3397898061685439,0.5927896970188687,-0.6016339868117916,0.7756801484476713,-0.44713325044623103,-0.3460472793213998,0.05010697664823674,-0.31182070634793546,0.9456949675156561,-0.20725396305938185,-0.40896014290173605,0.4258323405011061,0.07301880676427978,-0.28869793366667973,0.25850550240380826,-1.0546481978677031,0.03287569724179804,0.07168616361271556
0.47079508501770173,-0.18562823894631386,1.2336921594407386,2.098580905128888,-4.88767282155587,0.04727471429877325,3.561882895230714,-1.8933150732743629,-0.329635205668775,1.0244141294641622,-1.0507147485811352,4.271745997132223,-3.855873643003808,3.5885443276543882,0.09957416809571994,0.35912035839457485,-2.252139393143305,-1.4479260988670957,2.751459378875785,-0.7230861152914735,-0.2829051992708593,0.17110694436204962,0.7085361389497479,-0.2836297485271397,0.3869371938864009,1.544298550636567,0.517818595913439,0.1283183236395167,-1.2559835692721912,-3.7445106193473614,2.657224779859786,-0.2189543755227321,-0.3365970033325128,2.309208276487513,0.6884432209954641,0.12086903536348734,-1.4833671419714018,0.8064145507648073,0.7970330646073934,2.7677564347004786,-1.9522404461196954,3.28031643588636,0.011611786171586341,-3.384062851243372,-1.1041050751802022,-0.47558618422427373,1.0367107579865618,-2.3377610331289116,-0.8541371544836606,1.1333589453867012,0.061860883115506526,-0.41657950995568793,-0.4769528122383027,-1.6543423255137537,-0.11400255253626099,-0.7609105669853035,-0.2358421136960201,1.2238703286820232,-0.5369071224466881,2.3595998483006495,1.8590916948069383,-0.3227168248865453,-2.9829984002258163,3.4896013473157774,2.3592624108969438,-2.5568750149083592,0.7699434801802774,-1.0817597170256465,-2.2525926228522737,2.3357859090016238,-2.5516583315377392,3.995545843329079,-1.4031675259019671,2.8194592928223456,0.7068800983672724,-1.8489961869614167,-0.1316461591276586,-0.008618651514276201,0.33197920993819363,2.889445305849438,3.627967641535089,3.585359536419157,3.2701334773095714,0.32879368882624543,-0.5959476972819594,-2.0900321041007395,-1.6051344415610143,-2.53260946496065,2.5640315855853792,2.3046530100605107,1.1716841895890129,-1.7574611238476616,-0.7235600227723262,-1.5528819818234296,-1.7828001220863312,-1.7439025101788301,2.9108193812286096,0.7656362185179907,0.04866447691090563,-0.6103302173499885,-0.44479154079079564,1.7035468602452208,1.4629012160686277,-0.3156523765627313,2.8106012829610463,0.3259501493610043,-0.17474282511473344,0.2581638531003095,-0.6099155792323319,-1.3696682129530622,-2.3016955726431316,-2.2700866034750873,0.7096190022105656,1.6060869814703311,1.5032290071766765,-1.4499569656073878,-2.1758437869856966,-3.1594084412807515,4.011126989571906,1.6848871094436582,1.130466604268999,0.3686240277976488,0.32594477560144236,2.3320949602741847,4.164644443559792,-2.91031865521033,1.9999722062264629,1.4322365015537675,2.987544579075193,0.24745023102122016,-1.4782353391560397,2.5872085683145922,0.7896364133164641,-2.4268847163401124,0.5025603123724799,0.5758991589481037,-1.0408613039678278,-2.1064347924619735,-0.027224167755708073,-1.1082372161593137,1.1292628782287712,0.07691525485633828,-1.7774701780159847,-2.7619141327115626,-0.22512491113730643,-1.5887447714305043,3.577932068995721,1.9438701843188704,-1.891200898431689,1.021274168228282,1.2974986556148558,1.2014004932669007,-2.765552436669994,-0.27280750028266715,-0.7679383874620477,-2.320998464648435,-5.355432666107738,2.0961783523216795,3.575451890707422,2.9469698201820718,3.048604761362381,-2.2157694355713273,-1.3535454896509411,-1.6216807432940916,1.3701847207330207,1.8831289158759652,0.7804984954725475,1.2837777259367436,2.783623489824321,0.037429793250414366,-1.462764308199956,-0.9992694988189567,1.2334942548329235,-1.8933394986002532,-2.3029738967477718,-0.9100760734205441,-2.6890296657328028,-0.8370290077127458,-0.37837057580840217,0.026481609970055428,2.4892972874486685,0.06969795829731934,1.1844088226744676,-2.007780049490943,1.8817381408359921,-2.7088349714793214,1.5619857380352606,1.1553413932873475,-0.10473021116840267,1.1317552072240142,-3.2206759453552607,0.7166224437589219,1.3497989671305837,-1.4623148819104417,-0.20879248823364846,0.9062742384986344,-0.8753429561685042,3.6628307336759898,-0.12520000449317523,-0.19308563948315322
-0.4738431884102949,0.19438238248618062,-1.303289504290741,-2.180816388667993,5.105328439248535,0.0009670717432633587,-3.770822286647443,1.9979362146881046,0.3688630938381381,-1.1141234305121313,1.1283827223400802,-3.8558736429971647,4.61228917585826,-3.7508709252663652,-0.16751421380601073,-0.3919715065764515,2.3412146503363807,1.4974588602451273,-2.8659384093635714,0.750139544591238,0.3041921871287854,-0.14622532900423563,-0.7495975716421455,0.2740287981611629,-0.436408017481081,-1.6182347810606779,-0.608717067108575,-0.13264470229392805,1.291586365190736,3.9105242250122387,-2.805425656996836,0.25270193265898644,0.31932985892933297,-2.331859428015456,-0.7260512371860705,-0.102139431694217,1.4858325464864024,-0.8930402733899298,-0.8483687549667076,-2.9047948827547003,2.054164269990918,-3.390399425314676,-0.00021629880452486705,3.5253441779685457,1.1598968113082553,0.461837302807332,-1.0898930604197945,2.4427774047348754,0.8974293460218034,-1.1824201285377351,-0.07417066667953306,0.41353311520069935,0.5323909721580644,1.6725584196536836,0.10979072218151117,0.8269907741037373,0.26336419041970144,-1.3076059613816158,0.5554333519258575,-2.4744253059611347,-1.9814772594880943,0.281791280320593,3.154567099696367,-3.62473682266311,-2.44342180244419,2.7176705421475686,-0.7719290586643981,1.1448008748549001,2.375766175786006,-2.482257661163396,2.673381877580701,-4.188572949202621,1.4940118195180532,-2.942637441186647,-0.7283601889910484,1.9189989563409389,0.09167786224281989,-0.011254374168824738,-0.3427614572477645,-3.088467134080021,-3.814756310657414,-3.70959428703161,-3.4201661996321007,-0.28590345025253805,0.5752306907874469,2.182570874994528,1.6991714045292619,2.628141461598288,-2.6716426724642486,-2.3718463980399624,-1.2518929467771032,1.8419810213528574,0.7930848769791392,1.6258314654704202,1.881799679894002,1.7779821336634678,-3.062407509024052,-0.8315371145053161,-0.08057428235417682,0.6339533946780518,0.42384780254982657,-1.766427943976589,-1.500940137472395,0.32650769101880767,-2.9372804219249535,-0.37022280814609065,0.18414580324456403,-0.3114613193739398,0.6389671042290936,1.407823484531884,2.4303701744390582,2.3817071960566296,-0.7467019213137223,-1.669943671651051,-1.573874912952972,1.5264150831110057,2.246103780615152,3.2667499117133683,-4.19362660873101,-1.7604180814146024,-1.1932417161623567,-0.4137233239806474,-0.3443393904991648,-2.4661294152032287,-4.357217401482966,3.051095219430591,-2.054596224797484,-1.504777239843019,-3.1350500703347604,-0.3081578124443137,1.5102155213842046,-2.736074303714049,-0.8624226196829048,2.5310221235526322,-0.5147034567930387,-0.6372787871394808,1.0834500643977025,2.2025446615928073,0.0584580603899114,1.1278897311154588,-1.200678516542255,-0.0291900407604041,1.8587636003701609,2.9073203752775836,0.2467078415637768,1.6788404588812693,-3.7567498264251302,-2.038777636912266,1.9669793307740338,-1.0661886634639066,-1.4148853783116238,-1.2521641568053234,2.903319849572859,0.2903770482723244,0.8231630304188818,2.4639282033237797,5.591639107837405,-2.1945651127458707,-3.7170404183496504,-3.093322491443309,-3.2068803272817887,2.380854713341739,1.4370273701104974,1.691231879647717,-1.4380514191983615,-2.014052958605973,-0.8109058748405842,-1.3989916766924126,-2.9094246097933825,-0.05749759460961802,1.5596349787264971,1.0572962150934435,-1.3232458951048454,2.0049228591967947,2.417716996006708,0.9739308657855067,2.8537190409617654,0.8286063152218861,0.38403725147318335,-0.02049888828723284,-2.647595225112106,-0.09625799720036574,-1.1706903790805807,2.088125265017781,-2.0128304210353725,2.820499878262502,-1.6450047966648311,-1.1900191953093162,0.13235359853173523,-1.1892160917812078,3.3523579964113814,-0.72182200840864,-1.3975735118499681,1.5680896900545058,0.2116576174905077,-1.0073503132783763,0.8778860410274854,-3.856796294958975,0.0962691736490639,0.190921228879028
0.48992488064306394,-0.20553025663112803,1.2022273346830628,2.0155206873870846,-4.786944518022197,0.004261083366589355,3.559275285826197,-1.8708020338685587,-0.3517311729074183,1.0115901631169208,-1.0263702014129665,3.588544327650355,-3.750870925268826,4.072296728975513,0.13640451379999677,0.3265835846712196,-2.2022278561738946,-1.4107679154655428,2.701311134047331,-0.7298013500871514,-0.27573524661030513,0.17164142059821386,0.6776116194420237,-0.2532314110740602,0.3813095294019989,1.5402488154694107,0.5577641657031245,0.10464250459589514,-1.236016684526035,-3.719528010393225,2.6209769963212795,-0.2464802301192594,-0.35063662239786275,2.24689540669449,0.6610251711873529,0.08807695313288037,-1.3739275392216952,0.856012668472667,0.8015745285368767,2.6905777941530595,-1.846107795383219,3.200993393991586,0.028070646301917884,-3.2865399037051777,-1.1000295625133067,-0.4242781688483367,0.9645846669278281,-2.2718956533354526,-0.8645743684710789,1.125163865337491,0.01279352151207852,-0.4218511820817481,-0.47836199044255723,-1.5977954724854535,-0.134401150878604,-0.7892799219534963,-0.21752094951068301,1.2235384588907339,-0.5435395254326008,2.3111616019652037,1.8418101646904068,-0.2820244973132946,-2.9113143859600688,3.4126928464451223,2.2971643009839133,-2.491040259603914,0.7284845196856019,-1.0427672042811627,-2.218241827321584,2.275881823176576,-2.528865547094089,3.895256551448561,-1.4006525652195272,2.7087889887133483,0.676597452367792,-1.8001279082441626,-0.09658248875480425,-0.010412442754144378,0.36351755526548524,2.8726205612966456,3.539087469686825,3.474865778713257,3.162842895605246,0.29309225360573316,-0.5361213661734647,-2.033628586847519,-1.5579713769869394,-2.4517119830656204,2.4789000761895994,2.296490295814016,1.173675694981972,-1.7383201757012847,-0.7418674575209268,-1.5184228845053536,-1.7536044292406152,-1.7050424894635543,2.8594624781427807,0.7847344838814911,0.08289583832862699,-0.6294648932275333,-0.38786295772311674,1.6847290054468107,1.4019992269564912,-0.37714581387836005,2.7429743216571834,0.32389803647811166,-0.18396868832154478,0.2590136359242824,-0.5907004786281214,-1.3575348937467877,-2.3068453414283177,-2.2272974174269637,0.6889099546730707,1.5556622819429584,1.465941767334144,-1.4000203976727934,-2.119539307846403,-3.07104472100585,3.9355741907307964,1.6511258900123695,1.1357425637882832,0.3870557188007353,0.34916475586245654,2.271938193377031,4.0974158006715005,-2.8485635311962336,1.8893627519422802,1.4168988392129276,2.915419651714712,0.24172674723106038,-1.4608674346600572,2.5325562150789422,0.7723484827651969,-2.3770527121498484,0.4845838887151333,0.5645446060905112,-1.023827386311789,-2.0929497641047363,-0.05233922612354765,-1.0430309061150957,1.114632351048822,0.04834384116836776,-1.7098782212834769,-2.7432768064603286,-0.24664527412327,-1.5597606699000883,3.5516334758404233,1.8903039789148068,-1.8207016938831826,0.9883324187463922,1.2832323940544326,1.164768092285699,-2.702836849938133,-0.2671799876122875,-0.7842111151038162,-2.285668374993216,-5.236175134949992,2.0683848187713347,3.4614856716415923,2.8986615569688445,2.982815933048855,-2.1708845007068547,-1.3280425821736703,-1.6024401556490457,1.3578147863911294,1.8181514787071338,0.7714435919364855,1.235796138702464,2.7420844062995218,0.01472507836630095,-1.4438395673106499,-1.009914479841911,1.2545331442324266,-1.8787063027085902,-2.238944282349088,-0.8905978477625396,-2.658779793680976,-0.7750579400969542,-0.3202015681109262,0.05708045985645832,2.4217849621718215,0.05388273743162378,1.1228460097997082,-1.9238884517894477,1.8649982634115236,-2.605236495252147,1.5319718705122178,1.1490014803418458,-0.17158834054270153,1.1032030101346597,-3.132586366674243,0.7091543937403859,1.3089946767327916,-1.445919719037741,-0.19949672130543097,0.9005876391989278,-0.816123508793893,3.5885043136656347,-0.1208854122735546,-0.20012098418368923
0.02140464089828552,-0.0032805163137790833,0.07724897516738584,0.08138687893270423,-0.18310327316117458,-0.01588219940342815,0.0986267242751191,-0.07201459079797268,-0.0009904363785277958,-0.00562738421890458,-0.03683224003122685,0.09957416809581153,-0.16751421380618084,0.13640451380013732,0.5502499836185528,0.006118558844985214,-0.08084263223518093,-0.07480177142151317,0.10749621561459535,-0.02285660686919795,-0.030439882764500006,0.01646583469324557,0.004707340947525785,-0.026057732866347383,0.030824509059064847,0.07128158747607209,0.03139421383139007,0.011717139145801586,-0.044275503618024105,-0.15799609876481296,0.1056401826694527,-0.016055331554570968,-0.001928282659529824,0.07341373476506002,0.01635224791127046,0.006441566386583983,-0.06907143702855684,0.04803429795034481,0.031144715383000326,0.09303731544761475,-0.10401436905085203,0.15358561066297488,-0.01866224392746431,-0.08245566276320829,-0.05370998182665849,-0.019508462820462525,0.037259544503828734,-0.11067646112374965,-0.01804589761051821,0.03863206096755788,-0.05514870607740626,-0.00178031857608136,0.024221873435973776,-0.06896692356927032,-0.00737488921485017,-0.027289083961075353,-0.0012814722682498569,0.03526822170682748,0.021160846863793284,0.11428087778687668,0.06567806659600103,-0.007536271339997229,-0.11879661306808002,0.14675070184243097,0.06593190365396594,-0.11890131672328813,0.0025506202643920083,-0.06345427098056147,-0.07867646891960482,0.08114078688184274,-0.06559786469208402,0.14472933151870798,-0.04949527599298787,0.11119259393201532,0.07077852379241938,-0.09453911258416448,-0.01873384304397756,0.03312765685473064,0.024428641237700895,0.12581265240223047,0.13141610324797892,0.1607115296537601,0.11934578725647328,0.043788269973839646,-0.07160041568017352,-0.10859831730311857,-0.09677280141860185,-0.0693745964193559,0.08772072921888475,0.06301482068772005,0.05296159783331095,-0.06967432637384863,-0.03962334798668942,-0.047254824469277666,-0.07954057250677052,-0.056380871194224295,0.08299617297762571,0.021461517731889503,-0.005286483993685622,-0.025152943737043566,-0.025788229004556067,0.06140199819703841,0.06859320917703726,-0.031571035355902395,0.07416597053802461,0.025110960401972873,-0.02022661723503477,0.04741327888895426,-0.031242130794180496,-0.08189869469132527,-0.0889620546847598,-0.08855645332055181,0.04732977427197225,0.06718374773665843,0.054851340781146535,-0.022642013049615467,-0.09009010145456142,-0.10079995858356591,0.12818927578990802,0.03676039563716161,0.07103364032427154,-0.0018949475076923484,-0.01443155720358735,0.09965222146822345,0.17052647769302648,-0.11376155312432527,0.06994380153255461,0.061433934910949305,0.11961393713648426,-0.011780464208611396,-0.09958519780649867,0.11797547460822083,0.0010182776291414895,-0.09672055364931133,0.023107179463708914,0.01756708564067545,-0.05527388873823237,-0.12106937018685786,0.00145987729524832,-0.02137975181072845,0.06274237862894427,-0.01900860724050837,-0.07240917508936565,-0.052709653829637756,-0.02110309234944268,-0.057784630551909,0.1406627339774337,0.10622501385444105,-0.06802865350412876,0.04148643849220587,0.04510717591459793,0.03839131351205054,-0.11432280987741746,0.01948712017593442,-0.048480146141931704,-0.08338227554880748,-0.20629135204692992,0.0715825605421241,0.1520941821829542,0.10782655182891251,0.1361714713210618,-0.08167028750158974,-0.05717334311700086,-0.07437408325624631,0.060182629015521946,0.07008693577941147,0.05303805722109179,0.05626759488718711,0.12673698696319372,-0.021020255850629308,-0.0541698462982419,-0.006632911392463505,0.024001237963719946,-0.0745635415723197,-0.04388977122869735,-0.04818523646574367,-0.13385865903250124,-0.014124201273703953,-0.015687193700295192,0.03512158218513044,0.04433918321218376,0.01868728553324857,0.026882371512142084,-0.09521362795598567,0.0642583723812175,-0.0677684260189728,0.04473598077439597,0.018063936903184995,0.024727636231941255,0.03104528743061479,-0.10889888608425709,0.022350020592940716,0.03837340612763665,-0.0961239831804771,-0.034379711452525344,0.03637469650526059,-0.045601937238846306,0.13110082801435421,-0.019772466072163906,-0.002360144295248018
0.04927695110355334,0.0017449846304036472,0.13397390032529405,0.1631462232582673,-0.4572014028758034,0.008407397229755552,0.36549618258978495,-0.20850464982033576,-0.044861924921845917,0.08846657939903876,-0.11836788151663644,0.35912035840633727,-0.3919715065890074,0.3265835846830283,0.006118558845084089,0.6362126672560912,-0.21315497312787604,-0.11058741263752847,0.3018525344219845,-0.04478679953180611,-0.0252939711734464,0.02877815224995395,0.050765756588058514,-0.058958497831869724,0.04308668032146128,0.1515144213047121,0.052174271289405855,-0.016749712880520223,-0.12365679571360796,-0.3629972426222717,0.2535968205146957,-0.035189130459004875,-0.07111770099276007,0.22408156920446318,0.07708373643365848,-0.003874366621255468,-0.1512879831328587,0.09562261279547704,0.07529018398666636,0.256246880508361,-0.16342593369950847,0.3232014718857703,0.022580743194900957,-0.2819341440570263,-0.10240118003769509,-0.05814682402723043,0.09448461391486787,-0.25618043850690847,-0.10988768477172334,0.10281832744325846,-0.005980422490754903,-0.027835945196366285,-0.024914283639694675,-0.17735251218478976,-0.0015668874108375518,-0.08348892611141762,-0.05861389621416693,0.10935746100166127,-0.050950158099464876,0.23847604037099512,0.20061069606294915,-0.009389005812123603,-0.2740454535852084,0.34162048639255266,0.22208390020392274,-0.2773475779056779,0.04722534476186002,-0.09805635390526732,-0.2022551254505264,0.21872863919799174,-0.2722475353530636,0.34669819286428394,-0.12518394309856526,0.2590022450806442,0.04024861833448744,-0.1874428954816374,-0.013931158952313468,-0.024615793408461123,0.06818930979953508,0.2711510156670889,0.3505179978278803,0.3437112182967732,0.32603416318623507,0.03907253253514494,-0.04744125057585974,-0.23942688876855775,-0.13219018564469326,-0.2744534730818826,0.23480195913096727,0.22826286777715013,0.09701819729313542,-0.15232468673798705,-0.04685389767710395,-0.15181403376817054,-0.18152304430869828,-0.1770746551330561,0.2904604804105578,0.07534352524890343,-0.006961502649449279,-0.05184176593444962,-0.018468865095666247,0.1469257844835796,0.16275102576941824,-0.020200672866403327,0.27626025807125676,0.06238831970936558,-0.023899517721890765,0.007721305159402779,-0.04000393037566193,-0.13280580782781753,-0.24404167369709948,-0.23054551309842497,0.08567202172204483,0.18322201750337685,0.13210243815099146,-0.10992188730499909,-0.23305766562587169,-0.32778219647999307,0.3964423665660466,0.16614014571510693,0.13151371137454781,0.0147524865325274,0.022846309592651957,0.23113664116686408,0.3932726432981931,-0.2736984075458961,0.20562485017791365,0.10991991967179901,0.29259227913885233,0.018660433030559635,-0.11925283446765536,0.2606665689848973,0.06712290437958332,-0.234027246294919,0.03274976962845754,0.038029275480667035,-0.08495662848971512,-0.1892038623301462,0.017315751777004965,-0.09724477072192163,0.08743609521072304,-0.0247430058884943,-0.17577440033466174,-0.3115634018173736,0.0038437660224453765,-0.1745090414653161,0.35729447286333127,0.1984847822508284,-0.17403475206485164,0.09597542759711312,0.12983676954942086,0.1109789479740631,-0.27948094546685237,-0.03425330061663821,-0.08196525928159035,-0.2292979852719588,-0.5117893982067518,0.1912187173792999,0.28728035054894474,0.27928887568035243,0.31401497892431074,-0.22668943352525703,-0.13408665346268092,-0.19201419076985426,0.14360409276415526,0.17085738785268723,0.12960962055153574,0.1065065939454768,0.24698891299178824,0.041215852625145086,-0.18157104158113072,-0.10027788528258608,0.1062294243382588,-0.16516827330607087,-0.2100689520831455,-0.09994290265659116,-0.31064802216973814,-0.07892949642027794,0.00023332436530912673,0.0033786134294376165,0.23912987837067934,0.002635983174387995,0.09856471534436462,-0.1926167797171694,0.18090113010791184,-0.25820951966776123,0.18345498074303013,0.08149290527724243,0.0036613109025990212,0.07749678634572525,-0.29105720088900583,0.09336432938598427,0.11344903393082399,-0.17226344713918343,-0.038395571124552226,0.11859713304490169,-0.08701688299577952,0.36297329678565005,-0.00921820296220937,-0.010265320180684925
-0.3054805870836739,0.11835376252125973,-0.7705021479843055,-1.2949309197565497,2.97812924314332,-0.036035496135551695,-2.2264789858872165,1.1788779591925491,0.21795138490003288,-0.6366692865247652,0.6465544129573885,-2.252139393146958,2.34121465034409,-2.202227856179846,-0.08084263223517267,-0.21315497312120216,1.9206011152446243,0.880395795742921,-1.6701127137661662,0.4554825081707685,0.20925552875470727,-0.07098203665893173,-0.45391766440236064,0.1651371414275519,-0.21186071928802672,-0.9623649730387441,-0.3014541574627336,-0.08069716098694678,0.760207084837713,2.3093988050027,-1.6222594266670047,0.12818993721349226,0.1748092075235939,-1.3817437465136118,-0.438540113510827,-0.05818915948638304,0.8745543268403542,-0.5190777913145631,-0.5018616879734237,-1.7044316378721798,1.1669721995976017,-1.9922030689112258,-0.033524627166154744,2.0612252459687554,0.6725345067212977,0.2900316975937851,-0.6138494172440195,1.4363242369842215,0.5014552463421458,-0.6840742755105857,-0.01053794900825665,0.26587931021952127,0.26950106691952236,0.9617909507296866,0.08837028806998928,0.4615966926811083,0.1241944425153442,-0.7479451062730138,0.3408739539342255,-1.4126638025918477,-1.1682842521366508,0.1661457242690401,1.807106791157673,-2.117750323277696,-1.4763423973759955,1.6019580069380328,-0.4460472744213258,0.6562347240971952,1.3896547990586443,-1.4072102805431606,1.5544121611575517,-2.44273037120951,0.834761529803671,-1.689784350861254,-0.44622028592330404,1.1213704385959717,0.0743859619503894,-8.405996933705945e-05,-0.2082793139502812,-1.8168777157641274,-2.2519825015156103,-2.1778638276011684,-1.9951436598417667,-0.16015233735812034,0.3391126359169571,1.2493137773199638,0.9740038551405455,1.5052811015890717,-1.5505692899979313,-1.3925179491894788,-0.6595078376452779,1.1059172103471555,0.46909612049880267,0.9527251901406356,1.1310591952634077,1.0444175139754435,-1.744708344605433,-0.45622944664505394,-0.05498339038307137,0.36896990993818796,0.26661463196253044,-1.0409371997489283,-0.8962608298453125,0.18781363156341788,-1.7025922535371034,-0.20457234159543847,0.10804516251299727,-0.20784695208684933,0.3717762703567963,0.8465371070745643,1.4415472617394687,1.36389074354416,-0.4396401313848278,-0.9930645244222533,-0.8900781753835034,0.8903744312319438,1.3260692257857531,1.8903392385757771,-2.431119774432394,-1.0846054786159347,-0.7613422127442948,-0.2522261541031192,-0.21152944570107543,-1.4670422775005876,-2.5520719722580187,1.7890882151914838,-1.2134155891942158,-0.8676402658939804,-1.8130150008665629,-0.15757326474760472,0.8783735649846632,-1.6147236841504664,-0.47841686254759647,1.5165019591748716,-0.32659634640171986,-0.36800341478838294,0.5995948482495774,1.2937269246757261,0.02201865033139301,0.6780733536049974,-0.6959978422311187,-0.05189217564385549,1.086552874016914,1.6802420459122496,0.14547296957618533,0.9799959103475417,-2.1997439762696867,-1.1741368436037998,1.1147015279593193,-0.5964141937419805,-0.7978713850464786,-0.7474520569789271,1.6343017322605493,0.1576707594964257,0.48371675274464987,1.4029854226321876,3.2759339270246928,-1.2926913276801903,-2.171070809378548,-1.7866953978685174,-1.863902659815539,1.3664744198734708,0.8326555131658796,1.0043987488072863,-0.8537177430684229,-1.128781751290034,-0.4526744530236913,-0.7998664160475691,-1.7056659419406948,-0.03013371926371579,0.8858617719848159,0.6450696776128072,-0.7921248606437292,1.1854246173525713,1.4077623203249754,0.6025441353500769,1.6515223852103738,0.45301384111830345,0.2017514370717542,0.0012238270342458113,-1.5409980323246777,-0.08265485340189493,-0.7231358493588977,1.2156293244680718,-1.171202350873585,1.6331271852083433,-0.9528441126128919,-0.7010935855258256,0.07524589441549177,-0.6690139753769032,1.9565984237369254,-0.41605091250807547,-0.7829217136824982,0.9371267281255716,0.11738543569659857,-0.5671404768628693,0.51567849492662,-2.2563188000977363,0.05915102717541503,0.16985771847748996
-0.1781757471659272,0.11321295154445804,-0.5204537181963267,-0.8188492499414792,1.9199205864747984,-0.003140938909220483,-1.4385913526225635,0.7487298222116209,0.11663059621559392,-0.41128660551466,0.39293764943264925,-1.4479260988654497,1.4974588602462222,-1.410767915465662,-0.07480177142148688,-0.11058741263256472,0.880395795740419,1.111178352685796,-1.092764275673219,0.275998128543411,0.14108337668548288,-0.0641974874360463,-0.2723664335829571,0.09776337751031836,-0.16955615417207168,-0.6095584540925117,-0.2182891604814884,-0.026651965214073328,0.5216468090685554,1.4629270991023056,-1.0411184782286311,0.08890087720800702,0.11650791552826126,-0.9165006156362607,-0.2817400648066808,-0.03644511725624088,0.576388640567457,-0.307360855261913,-0.322351082201133,-1.0686923950014802,0.7603122957452433,-1.2991679602248696,-0.006654562089421764,1.3193256155306283,0.4287851356208178,0.18660840689176467,-0.38696800039470824,0.9140233712253449,0.3558374758070078,-0.440490709763895,-0.005706432408869748,0.16936285608761548,0.19180971243049105,0.6240764720386847,0.041006112310806905,0.3026597206226262,0.10135521437379279,-0.5078271679878757,0.2004536963552351,-0.9414459833781544,-0.7544621276248014,0.11296426812854798,1.1523202800242245,-1.3670787585792765,-0.9681961914568884,1.0400285492141699,-0.27550365421033907,0.42249438479484897,0.8809991301036354,-0.9490243342879334,0.9863480455808518,-1.6087948443693105,0.5795910339662155,-1.118713766041573,-0.24102366460219818,0.7326483049979241,0.038568814337436516,0.0013954727104528676,-0.12160435507525338,-1.1710317563062131,-1.4234107677460655,-1.4394879641425444,-1.2770334633884544,-0.11358459502778259,0.190491713666946,0.8208013095179052,0.6542243072907395,1.0130682568149143,-0.9717502580921558,-0.9108450077084461,-0.4862864520508959,0.7175355875739988,0.3049843951675813,0.622027194086445,0.7151555157383672,0.6991768006926946,-1.1335718010968132,-0.35740740521838343,-0.029329215806362233,0.2173278921468974,0.16463556686832714,-0.6842960902589154,-0.6287331664128932,0.1476855121029448,-1.0903436709332008,-0.14658305406420466,0.06245648385538738,-0.10014578307919592,0.2036991016109912,0.5190502233917944,0.936646117242736,0.8625971391111193,-0.27495231520245456,-0.6390494507264862,-0.6166887482216606,0.5594197376194356,0.8612651068034483,1.1942974480239184,-1.5992435391611324,-0.6834138864044969,-0.49194647823226667,-0.15044840576390234,-0.13943852501675696,-0.9235730979929512,-1.6604975749032929,1.1774729426113641,-0.7596153144955834,-0.5539247057272401,-1.1487947521956756,-0.09159848453172116,0.5707722487879981,-1.0047966336857563,-0.2978274569230297,0.935375426952418,-0.20919662241166773,-0.2588395981188371,0.44595382349869633,0.8110899352693468,0.02551272192870952,0.4240663570917185,-0.4459105069160852,-0.0624665397836607,0.6997959899488448,1.0848278663845754,0.054840901853975485,0.6353756862760459,-1.4499490173708118,-0.7553856428030764,0.7654171577745921,-0.36381559234337446,-0.4951986298316502,-0.48369273215988434,1.0749236773868722,0.0980363112234596,0.2816233489261991,0.9342648902318409,2.085821760255014,-0.8272356151027856,-1.4053940295563523,-1.1514871900662544,-1.16838265463927,0.8704197108742315,0.5357773996618754,0.6515700350212814,-0.5222708199924831,-0.7644228219830529,-0.31126686534194137,-0.4994089350851395,-1.1122537710808258,-0.02570405871167622,0.5686976561407814,0.4050533098300676,-0.5052212571975038,0.7271579561371478,0.9370755608593024,0.3594610524346464,1.061745512527056,0.31117154765059185,0.12764932035947418,-0.01662692508841733,-0.9647775599136991,0.011450624564122103,-0.441680341812354,0.7714812944676824,-0.7616046049059391,1.0324270865327887,-0.6110051198895213,-0.4453498573990712,0.056378542140995004,-0.43784995818163763,1.2549738558781511,-0.2633376521689689,-0.5138974047610969,0.5630697851174558,0.06228009135999301,-0.37037213790731577,0.35098669128834803,-1.4143033647172378,0.054582107326138815,0.0504112135026273
0.3661959608757092,-0.12543619865684116,0.958177108182777,1.5814317663822006,-3.6750169084035202,0.05532820271681967,2.709058275724636,-1.4277499987509108,-0.25634240967900473,0.7892324252171679,-0.8226679960898972,2.7514593788788484,-2.86593840937193,2.7013111340536113,0.10749621561456717,0.30185253441312226,-1.6701127137652518,-1.0927642756756968,2.675210906615863,-0.5124214621594929,-0.21948348121907477,0.13944256967403768,0.4908030880112815,-0.18089949100718206,0.2740089204678393,1.1733181260384264,0.347244244117187,0.06649025231184928,-0.9410399752766765,-2.8142736936185067,2.035273713684769,-0.19392440030006428,-0.21521386654855523,1.6909712698432435,0.5311705757014065,0.08288939754986396,-1.0602786030091702,0.6257125966675575,0.5852963078911247,2.066571939127199,-1.4750363750487305,2.492034102196873,0.005413289087921366,-2.527667194172917,-0.8630999208907513,-0.307639905197148,0.7545477433771457,-1.7248235197051274,-0.6474714236133278,0.8317610450213028,0.00980418576880776,-0.3260768672702957,-0.36488774321243955,-1.2158107553453459,-0.09640986898646747,-0.5956397974934479,-0.1689459848329931,0.9278858420671252,-0.42553148657496603,1.7450579344890003,1.432665733237066,-0.21259762199684082,-2.240781829162534,2.608472842066164,1.7744618308922848,-1.9345159420219091,0.5608655584693801,-0.8280112486886892,-1.7046805182195668,1.8074780804002972,-1.935032326554928,2.9864278989293878,-1.0550696836599025,2.0687200772539294,0.5234946275761646,-1.3964789969822824,-0.06812184079355806,-0.021014696186825773,0.256583859608493,2.16905233351364,2.7427252554088803,2.6595574459066795,2.4373717118122706,0.20823512063217883,-0.4290057233641252,-1.5608026383735014,-1.1957057478887256,-1.8804976973320962,1.9045524030600511,1.7098785022946346,0.8514609150462381,-1.3424550171300431,-0.5714483401885051,-1.1860956336895543,-1.3122811832432968,-1.2964782702671105,2.1584902752122033,0.6088357276542087,0.047013010233148675,-0.48597815385001614,-0.2937532382540823,1.2791192342542845,1.0866340503298637,-0.2720098979209975,2.095374509492176,0.27647872019715236,-0.15164289277987733,0.23789922778907832,-0.46489715529998266,-1.0378451198073149,-1.7679778302470044,-1.6978934193179787,0.4712054260486041,1.2150338886243195,1.1043788890355155,-1.0891620828702695,-1.6166663026669341,-2.3353071308830415,3.0123899913043592,1.2298863889874179,0.8532104485933003,0.2713661536280084,0.2597251202682426,1.7767376252664704,3.1375228277455722,-2.1766959948584303,1.5004801959589422,1.0569862934522551,2.2552837241449,0.19865176219012057,-1.1412823858134193,1.936229217758535,0.5819162147406661,-1.8583304186742917,0.34214764753651095,0.47739876419716715,-0.7939702400590478,-1.5811871625551677,-0.023840920335184507,-0.7949317237886888,0.869405305874908,0.03195248450857546,-1.3327513859122806,-2.107454714632922,-0.17880956950958976,-1.2066867145225253,2.670956609448379,1.448310342922139,-1.401107733678341,0.7868648660307466,0.9631045225853884,0.8837251665068899,-2.0485990471903017,-0.20149791552790333,-0.570473860886919,-1.7451221466308207,-4.011678584351159,1.5529482369376628,2.6457618023582734,2.1869127529650743,2.286150162464516,-1.6378188693594087,-1.0316791180908889,-1.243671742360597,1.0295345086944179,1.4162520619713854,0.5982294164258563,1.0273276361739028,2.086509013926769,0.03913609139506087,-1.0675571895542681,-0.7535709739847909,0.9486560154287512,-1.4290804984837397,-1.7142567470934562,-0.7022742566592671,-2.025599235268428,-0.6111615820722391,-0.27769164931356477,0.0029904309773288035,1.8784191907917824,0.0706084146859737,0.8470860504777773,-1.5021385306168105,1.4566153857527584,-2.013724743135398,1.1760626671181673,0.8550202796126606,-0.09181500699764605,0.8646331599843,-2.4434076782089496,0.51403310726105,1.0306469633003552,-1.121287000152172,-0.17273737537464492,0.6950780501708507,-0.6607592964931961,2.7318142280012174,-0.11717743590914073,-0.15119576853180436
-0.09912859119536535,0.013719334380076591,-0.22813553268397832,-0.37882758692966495,0.9241908137772797,-0.057007577815101844,-0.7334519948575929,0.3306216620367869,0.09728777431376201,-0.19361794351498113,0.2281757063081299,-0.7230861152890614,0.7501395445901999,-0.7298013500857276,-0.02285660686916155,-0.044786799529017374,0.4554825081684693,0.27599812854282985,-0.5124214621570383,0.6684313304880227,0.06567759495135725,-0.03125097111394492,-0.12190949356700753,0.044119553117661255,-0.1127623996525113,-0.30544256463498354,-0.13616104984586783,-0.0311885218763875,0.22193656227240854,0.6927012795808694,-0.5206169268885574,0.02826924643478068,0.04749088523402114,-0.41526722858546034,-0.1522852895685945,0.010858934936903073,0.29940851968589105,-0.1418122027243304,-0.14720453056129668,-0.5565819691154448,0.39129115586922175,-0.6224842504502299,0.025577057907197352,0.6341404682104594,0.21177195717256914,0.061592087955986585,-0.18213740668638725,0.48827012820355337,0.18935687073988766,-0.1811677630996047,-0.010997557230351809,0.08663644288607722,0.11147736577643635,0.2969560642280329,0.05063098163299536,0.1499990377171048,0.03796437750573853,-0.27019985272137154,0.07888850835765635,-0.4584091697503968,-0.3619099010264714,0.046221340212528064,0.5570951405502487,-0.6448870138905883,-0.45452983214673404,0.5097978540029188,-0.14542886889567702,0.22292134723834578,0.4239686640541936,-0.47807960131259325,0.501652391559195,-0.780331422422829,0.25115349816341537,-0.5924407070289547,-0.13937458751403153,0.3950352182375639,0.028853807866479658,0.011694116929977622,-0.046047034832955,-0.5587449878743131,-0.7248827215762189,-0.6904226818328026,-0.626709932750945,-0.050962278743097,0.09611135508221269,0.3782191413642567,0.3309306174546246,0.42878901001563535,-0.5125472581925015,-0.4187572659678465,-0.23625145550745227,0.37597918190116886,0.13232431595341498,0.2806213014445731,0.3257415105411849,0.3131545941655195,-0.5306915591373824,-0.15489368571634263,-0.02587249522343934,0.09423852205368842,0.0859208233436841,-0.35752355907960176,-0.28297642004668644,0.06490431801706363,-0.5092394278875451,-0.07946726809039902,0.03289979579333123,-0.07564327016608563,0.11968265085175991,0.2569399705402403,0.44244966724552465,0.4157008797545315,-0.08456393757419484,-0.3051507498009422,-0.33762408051516946,0.27466066175130477,0.4530095014088424,0.582745522212492,-0.7600063468489403,-0.3539553879820425,-0.22058270287958848,-0.10477448855943373,-0.08902066399379396,-0.4285738554088866,-0.8398867109755644,0.5606925450646834,-0.40899757622296395,-0.23541491532555137,-0.605746598477034,-0.07519042873769988,0.2652188099695476,-0.4758929067051635,-0.14906588869369214,0.46043135964252996,-0.09814044056701587,-0.13844916779258598,0.20108753241909896,0.4074762536967971,0.012090533846828923,0.22678814809895087,-0.1605744187370733,-0.039794754300921484,0.34733587536758437,0.5388818705701748,0.021477049612285033,0.3267813731176559,-0.6835867310416849,-0.41082307652541145,0.3314522127535061,-0.2077374001081537,-0.22504180971231588,-0.22293949783007824,0.5209186747129144,0.05701465285880158,0.11056909885925513,0.4604616806702946,1.0418245897953256,-0.39842674723718213,-0.7084345597431153,-0.5630931186992503,-0.5988829051763102,0.4136199707040118,0.25985190394593294,0.321912653764021,-0.2709472958978493,-0.3815374298726678,-0.18374373095748206,-0.24673288580578212,-0.5537765296658049,0.022845778291108645,0.3054052856295878,0.19713395519928567,-0.2615239599006979,0.35222034010671294,0.4545194439867948,0.1769028755839442,0.5305976803914616,0.18562542620297645,0.04845302350649454,0.015763419801098844,-0.48820140316853605,-0.03594180824412082,-0.1747579990563496,0.3574073378336229,-0.3458392685653019,0.5058310478715887,-0.2966330378047222,-0.2670631450521386,0.02811128930573537,-0.2080253009947659,0.6358725268708942,-0.11657973158982904,-0.2361778800009192,0.3011595768858106,0.06105854029297654,-0.17323917954502405,0.14652745183016058,-0.6779655897961497,0.028132511111557377,0.042229843946784924
-0.03223358359352125,-0.026737608699013864,-0.1055697240713181,-0.16478274015833208,0.3704257257327547,-0.006482776343392288,-0.2862531117764129,0.1550384376871013,0.026846973565155245,-0.11025192845554212,0.06963447511906097,-0.282905199277091,0.3041921871357605,-0.2757352466168035,-0.030439882764590576,-0.025293971173016086,0.2092555287581745,0.14108337668812984,-0.21948348122377664,0.06567759495288587,0.55806853067081,-0.01034275038855931,-0.08157368701416091,0.0023264693473861453,-0.04678640815727577,-0.13675128813573478,-0.0326956165651937,-0.039696642366823784,0.09894820589010159,0.31098480569228276,-0.2140337140335453,0.02214062454089623,0.041909205935054206,-0.1794029037582071,-0.07866199248707754,0.008041205136775358,0.14185279857302008,-0.06134833974368868,-0.06711761208629123,-0.22497521031484352,0.16877258532282546,-0.25902622685343424,0.014255385393260578,0.27196604251061995,0.1419600172893121,0.058084156140064666,-0.07918797928533465,0.13057699198680628,0.0544395713182562,-0.07900520913784953,-0.0285549237245728,0.044768618670203875,0.046559983512425164,0.12275569873245698,0.027462797068551786,0.07817743132746409,-0.0006274492652994157,-0.054600832187873975,0.03087095559611563,-0.16975890602617186,-0.13824633862409766,-0.01463995179318661,0.2316182834607886,-0.2839713243136204,-0.19189110459511585,0.1954647388604797,-0.02852464023094922,0.07761626026280907,0.1863875896054167,-0.17385463806200366,0.19177340901879233,-0.31237646507271166,0.10233470677386003,-0.2432007469027012,-0.04600265452597292,0.11701966495442574,-0.02626923331978266,-0.009989643992344059,-0.017220692277821206,-0.23473179798001179,-0.29735947992567147,-0.2917495577304459,-0.2757218792604799,-0.06268808304483064,0.04479802902560647,0.18731343057735195,0.1252519655979586,0.20636853617844095,-0.18256476783984285,-0.17748970247633605,-0.09014103972603761,0.1644467110709822,0.05380618164809414,0.09522509438024267,0.09520425437910357,0.11193678343305134,-0.2065298773808569,-0.06540326457710989,0.0069400247095847654,0.06260599907886444,0.05089787988547369,-0.13568249732428345,-0.09569454008838418,0.06359162664555494,-0.1863847964887411,-0.03103731799683674,0.033915431072875875,0.007880576063504448,0.04059537559047714,0.09826856134009894,0.18285757512287326,0.20471605290467795,-0.0408968117789226,-0.11781506640105438,-0.11617707584835238,0.11169035079191542,0.1653176337021027,0.23421985016323585,-0.3160711566888073,-0.11413979919478644,-0.10196671145961564,-0.06136129911163982,-0.028125619824839163,-0.20264107827556677,-0.3279960136523965,0.1731903674383672,-0.18758263449055526,-0.10395314499482498,-0.2486130027402548,-0.04421467138602371,0.11471161596083553,-0.22387641766200367,-0.07948732327780988,0.17956598967411927,-0.01571133490002598,-0.04342593948542278,0.041484198235117065,0.14566823070600765,0.023258814867189878,0.09453300143367187,-0.07998352140483132,0.01527683780272444,0.13547566505867414,0.22275590990786193,0.028910960531050037,0.08902632102109838,-0.3060876076051053,-0.15711087454803,0.1445428546742821,-0.09422506427581943,-0.13709350095301961,-0.1140516479965354,0.228244945060371,-0.005692748660967015,0.05984871976936173,0.19926770816875863,0.4254294015711416,-0.15028266123996664,-0.28079557566591706,-0.24111994489184288,-0.2582411820896866,0.18078761969462273,0.08746997761783343,0.10647274809471008,-0.10492051607596695,-0.152404205098681,-0.11813498911929296,-0.07964719632947677,-0.21931097707376374,-0.0026001265766585086,0.1501238222508971,0.0699581081353309,-0.11884419438084781,0.16574794435369866,0.16974716654103714,0.08977420235321441,0.19911230480645753,0.06932873182951982,0.0020405890923686013,0.012048737312429362,-0.16401391988341266,0.01723263185749212,-0.12449619245134627,0.18117196751550332,-0.1361562614447986,0.19976343464946683,-0.14805977594255454,-0.10272249570289138,-0.02045325324123975,-0.10804292000505654,0.3166706455789556,-0.033983614320680665,-0.12542119782967323,0.10885147373883428,0.05083223852106418,-0.07018561084947139,0.10967704729946393,-0.3372904119663184,0.020214250851882377,-0.011047605612533939
0.014808106869978995,-0.0045909146183152625,0.04150493510913216,0.11136723138356534,-0.19403438192169367,-0.035190527149571764,0.17003510030040808,-0.08738043106336515,-0.021888268746517836,0.034350210818277896,-0.03904793952461218,0.1711069443531949,-0.14622532899552765,0.17164142058993212,0.01646583469317825,0.028778152248263356,-0.07098203665335585,-0.06419748743253455,0.13944256966727983,-0.03125097111219307,-0.010342750387490017,0.5880550647568183,0.01279156960263211,-0.022501113494568046,0.03477983424819775,0.03284007508242597,0.01513742318482691,0.015302038790153492,-0.07556558626708804,-0.18206734606936326,0.12994409578959604,0.0033361778516987927,-0.0020269722855335557,0.12162408349459367,0.001159040044185153,0.011797988191509668,-0.06704108787833386,0.04536549438080076,0.022439890638021313,0.1563605417386678,-0.09766437371353401,0.11275906975281849,-0.01607065236707425,-0.1547457453767594,-0.07597487038797573,-0.015590790374059795,0.009265183136561266,-0.1226794392892471,-0.07091847176493121,0.06903432232597148,0.022907667907669654,-0.017155331454380283,-0.03289613516086207,-0.07879233068995795,-0.005677587585845191,0.0008413734420602351,-0.03752000952976014,0.07012484322554144,-0.03327452804856407,0.12804217113830357,0.08826767302771303,-0.010422961399268032,-0.14567624142256286,0.12787105000125304,0.1225629117053817,-0.1117858719121886,0.04446582104316675,-0.026010618043839587,-0.11854828539178082,0.13727524020584383,-0.1415440540751673,0.18145182786825184,-0.05488733434168276,0.12207790336946751,0.04510798370059926,-0.06631785032877942,-0.021050713048186717,0.030199563054904278,-0.0015025140117279926,0.11010100446782246,0.14386383923618873,0.1884387198475578,0.15937043341395205,0.03282764763912192,-0.014821038834125982,-0.07300145633990686,-0.0724833559539544,-0.10285332119385088,0.09664248553588131,0.11005398879649934,0.040456444197068404,-0.10368241929165467,-0.02176146393479059,-0.0580305042159003,-0.07805676037842856,-0.09943356386359858,0.11387253842880539,0.04986086577291939,0.035694477617044855,-0.03779421803392974,-0.015365196806744412,0.056931366553155324,0.05287477400597107,-0.003432615736600342,0.08732690688553313,0.08721567541676126,-0.04363881149492562,0.0008048817851119688,-0.024727561536544887,-0.05860780227043111,-0.0993407752387944,-0.1339829711895738,0.01735375060375298,0.0401029552792386,0.07059718237719753,-0.07476267875771969,-0.11466686801032923,-0.14658575112753416,0.15631094269380127,0.06649640383533893,0.038069338631698785,-0.0015256300195580393,0.010496802043671198,0.09168018105514039,0.17035544737742983,-0.14410793532172786,0.08177185287450649,0.061117394163658946,0.13706097785590943,0.007371132939962579,-0.07696321001211869,0.08569517741788363,0.03609027555311621,-0.09509509286035135,0.006917436311885435,0.024594309380081007,-0.0718662374596287,-0.07963004868239479,0.029195780352106196,-0.04518809503061494,0.041984830979883404,-0.03220975815700727,-0.04783579668604129,-0.10374622293613855,-0.010472768064443819,-0.06683019027084956,0.14437149816399655,0.10553781595925665,-0.07500494364741947,0.012829131086889673,0.03087127109902739,0.051342508387830846,-0.12106384315838244,-0.0276746327118675,-0.04812467395075306,-0.1164090200384941,-0.24740850861384847,0.1078056771862145,0.14216949946591223,0.13002246490620423,0.11304121338411552,-0.10083924806396291,-0.05400444936417792,-0.06851343145475716,0.06566218451616081,0.09316673875236152,0.03527806159979623,0.06387518079205867,0.12012442965516942,0.0034639080676831567,-0.09179415889703577,-0.057937045555237585,0.03121991930581041,-0.05934378089916178,-0.12993265028092477,-0.047564457527402064,-0.06272695043750767,-0.03954002149482639,-0.003747032144221108,0.020393303566780742,0.14292518988089062,-0.0045677013363863124,0.0691413598286675,-0.11492435241898792,0.10308527960342838,-0.14538816811544986,0.08398691145046466,0.026458141361396154,0.04311728776103374,0.03733680979839448,-0.1372045680100636,0.016634244599908463,0.022142043024261038,-0.0742961128058175,-0.04017550333787694,0.06081185410686084,0.003139193400505699,0.16856639502966783,0.008134786854949729,-0.05621169675934945
0.08918352788993862,-0.02214375465047172,0.2331417539080609,0.38327701650929225,-0.9446355551814078,-0.0006961990652119094,0.6968539797087882,-0.32863976609328843,-0.04950886424589637,0.18623056541452512,-0.21689674382351812,0.7085361389508357,-0.7495975716443588,0.6776116194436442,0.004707340947512333,0.05076575658623921,-0.45391766440249953,-0.27236643358361834,0.490803088011465,-0.12190949356765798,-0.08157368701321303,0.012791569604234103,0.651826025297112,-0.05285968640568243,0.08675184285385838,0.31278075882386736,0.09039565477629878,0.00164936415266604,-0.21668373849307795,-0.7491484665324174,0.4870426967366487,-0.004692505153343136,-0.09450700411809713,0.3988724046944686,0.18146618937575032,0.04013987222582233,-0.27652929451755004,0.1745963137690699,0.12680663014495938,0.5512093323733378,-0.3916158069409407,0.614686615533721,-0.010306444160931783,-0.6740159774367371,-0.19581373419560474,-0.04754089972859986,0.19897696262965953,-0.4255823970640912,-0.1528079103958393,0.22879052275238881,-0.005467930343882585,-0.0784345181342267,-0.08836447404590261,-0.32114293741758515,-0.049205788126051656,-0.15225618309574965,-0.02019963159047511,0.27943751973203534,-0.1211625586019561,0.4783145720453693,0.3460970624210516,-0.05933480134733963,-0.5851517996410106,0.7202972015062189,0.45615056928234177,-0.5357010897650323,0.14410025390481349,-0.19221598229583592,-0.4359649531047796,0.4620197932182012,-0.5238194793797952,0.7855996167106205,-0.296254573764352,0.5374433200655622,0.1321015571810901,-0.3632720791974837,-0.07507318074911257,0.003595815296860286,0.052281363733752216,0.5607771850034756,0.6912749030163906,0.688971039727073,0.624331861072996,0.04834528688272145,-0.09726044826645726,-0.40018265688116333,-0.30798030615463823,-0.4885810689661405,0.48353856017991975,0.4309095641219113,0.22322159848003137,-0.3646480003743392,-0.1995730072808705,-0.28325058083235694,-0.32435630542999766,-0.3170630780268276,0.5606370580199252,0.17030379849380617,0.0039185911148105525,-0.13796277929568562,-0.06803786722671105,0.34047705680375984,0.2726107539843423,-0.07344675580454359,0.5561126247324285,0.05890779681258672,-0.012963009455618141,0.02375179571812424,-0.14332839098769729,-0.27379473042120966,-0.45357951945802844,-0.3956179473024294,0.13826593171840454,0.3184748832670429,0.2974602170889902,-0.28772040012063127,-0.41483184961054825,-0.5856707632265457,0.7692905692247437,0.29139491638233384,0.24210275094638709,0.06802437204640734,0.05558716748097132,0.4209701341810919,0.7862544487571599,-0.5342581573279169,0.38511428036511386,0.2708051174236229,0.5858816457862965,0.05411513431751841,-0.28362586334343276,0.5211525333778043,0.13911813726558658,-0.4770273474381667,0.057288921046218536,0.1314833214137234,-0.2074537319311078,-0.42680906328012874,-0.023061314020093447,-0.22756258313681188,0.24358935124063735,0.009881934204952357,-0.31280942175961884,-0.5524726387379532,-0.030501955278487158,-0.33078552843192277,0.6768193464189791,0.3824024674908816,-0.35969995527040616,0.21518739525131467,0.2634748492989998,0.23450085663046127,-0.5522510284523294,-0.057784377448078995,-0.12154411881313254,-0.44802662715669267,-1.0266306799937208,0.41523275606233817,0.6894440074908617,0.5675415338813192,0.5846330050530913,-0.4632573613213258,-0.292761625193719,-0.3056103801754437,0.25235352233621783,0.3855269640558636,0.17128637951663012,0.23620364184542045,0.5386204941761317,0.035571061931761086,-0.2806059416545117,-0.16965752194236583,0.23840568332170617,-0.3530930766364493,-0.3852932587420505,-0.18900303592405843,-0.5052276835174369,-0.15773757285712187,-0.04146182623590435,0.015952054567013162,0.4747241133649981,-0.005876874662817166,0.19792281321366192,-0.3633287117958386,0.36450162686124277,-0.5601239603595107,0.26249095280891255,0.24340634503416578,-0.02952023063033862,0.2022498877767863,-0.6676070393584077,0.15000979635076706,0.23386764642507218,-0.3010374361858643,-0.091237472842083,0.22315476820928803,-0.15894628212121062,0.7190403133076124,0.021836274927210658,-0.025727286719283513
0.0028671447062524683,0.014018129504415385,-0.1215195379644412,-0.1726045043528317,0.38918095460836577,0.02526364208700534,-0.2808192591815826,0.12154849934819995,0.03913117866460802,-0.07605218172314603,0.07676423233321916,-0.28362974853533574,0.27402879817004905,-0.2532314110823029,-0.02605773286644325,-0.05895849783193759,0.16513714143228803,0.09776337751378224,-0.1808994910130972,0.04411955311956155,0.0023264693476145633,-0.022501113495583064,-0.05285968640705977,0.607525454097164,-0.023218523566774535,-0.09864505086299531,-0.04649016217011927,-0.04696805365012823,0.07270173013460504,0.26384999651669155,-0.17606370827345552,-0.0193585720507607,0.018217597431619506,-0.18436807266431524,-0.05091910185305423,-0.004473956092671927,0.09275892859421409,-0.055639453803009886,-0.061332990055356265,-0.21295032298540473,0.10693144280939472,-0.22715633695585208,0.006628612639903499,0.2604355631658739,0.07532627159307892,0.011995829810077071,-0.050899219291849596,0.14784550229812912,0.055378594874176026,-0.08071972681349615,0.003431373432645866,0.032331849543449566,0.03136436525149251,0.1547029241136119,-0.006642798266646416,0.04900141209969337,-0.027150306654300387,-0.10285416622676008,0.042680539849701556,-0.22142153311213114,-0.13329840199535287,-0.001501517365946791,0.20872765893410733,-0.2632429452584449,-0.17371094485638938,0.15975979679616734,-0.06680644691164608,0.07840168659006908,0.1587974170552835,-0.19562958234171665,0.21578988603805674,-0.2833948052108474,0.09036922388729854,-0.20952326686752298,-0.0420453818786424,0.14734722663185856,0.010467320146759978,0.007889600400376997,-0.05092419093526957,-0.24686077670860732,-0.25595147667859,-0.22756735132873568,-0.21030970908973143,-0.023435683590885322,0.0475194046533043,0.12676853673470032,0.11131685834417061,0.14758871263469883,-0.1912090520599639,-0.18752318343443936,-0.07547155288732922,0.11245958599288791,0.09115640065376172,0.08285796741913895,0.1269148820539256,0.13522915958740547,-0.24082182306382532,-0.0947829406171537,-0.0238781494476652,0.030433654094686992,0.04231995469816992,-0.11941751476913265,-0.12191512941953399,0.019276422925305382,-0.22988138026500904,-0.02795575109518695,0.04160214225002301,-0.010707391390381541,0.06303724851829888,0.09433932587316544,0.1840302463571073,0.1768765021204027,-0.011133868293424835,-0.16569227918818746,-0.09737440361896164,0.11162119421457407,0.18437809453125248,0.2098231746368835,-0.3248806793262099,-0.11722189949608193,-0.0909536792917892,-0.06837076821275198,-0.03985200374084657,-0.17783984080234436,-0.3116276613541851,0.22102980662157742,-0.1714254583940588,-0.1126887750757167,-0.19436881126624317,-0.015344691384902926,0.1263014193610675,-0.19018260739157883,-0.05322829401462509,0.17146072010321556,-0.040160195168456515,-0.03262122098284797,0.08076767414447525,0.17391913215384497,-0.004284861894144449,0.06146006210616507,-0.10403832161696022,0.030897620059377982,0.12636553786587534,0.19574324861573839,-0.003451760178740523,0.13702647741691815,-0.23859029174974794,-0.11285563171011619,0.17182757808871527,-0.054864673069149196,-0.0447590568571194,-0.10933497346978972,0.22084315574860713,-0.0076691292299888355,0.07549525048406186,0.14128712574634802,0.38369650170704495,-0.13673357895034427,-0.24089200135300934,-0.20106847789016347,-0.23862245481016128,0.2157678600823039,0.0986030020679312,0.09384734634515404,-0.09636766394687246,-0.1580881263242639,-0.05423415678439793,-0.10403517837709278,-0.2120381021880737,0.007283160033404251,0.118170171279972,0.08906085375475888,-0.10344878285656466,0.14498724721879527,0.15449185857512623,0.10831425923676906,0.20554449231378333,0.04379638215434518,0.021542358744268145,0.0038469258261009135,-0.15739111490179045,-0.016866712958477113,-0.07180945510803853,0.14270953727650187,-0.12110024164624898,0.20600763329227417,-0.13601520424427493,-0.10243216834588603,0.01635457857295416,-0.1041161274461815,0.21493393954209325,-0.057190705904510204,-0.10293054701088868,0.12392185164676539,0.015929377107320716,-0.08441284700791478,0.042100364750023045,-0.2804107977896921,0.024884566345355134,-0.009644147796410159
0.08038770440017007,-0.05610141829833502,0.12053773950247786,0.22626550618202618,-0.5098119787411867,-0.011424341362610144,0.35085001366782254,-0.2305666238139856,-0.023124459635458307,0.10353732965125174,-0.09611640469766779,0.3869371938806143,-0.436408017476236,0.38130952939714535,0.03082450905901523,0.04308668031906364,-0.21186071928397243,-0.16955615416997025,0.2740089204631395,-0.11276239965159454,-0.04678640815584932,0.034779834249023374,0.08675184285267856,-0.023218523565325326,0.5724705781284406,0.1368275066069809,0.05695600438899336,0.03663502073542945,-0.14632014409873387,-0.42345990410391066,0.29451060407632973,-0.01018758858425637,-0.02874370461001778,0.25746433740843355,0.033259048698715904,0.0033690504407666595,-0.13076309898204674,0.09532273342415354,0.07035154648298284,0.30959154236497133,-0.2361964189337955,0.30743319687498927,0.0021255131810593905,-0.36023572708692697,-0.12381938543297512,-0.06923746893173888,0.10212497141224179,-0.22775313972081235,-0.08866189994020499,0.1213918671667643,-0.031490476835277725,-0.040682628237378615,-0.03368976381561805,-0.1543176553164013,-0.029210652921990855,-0.10615170597239398,-0.02695157194303733,0.1805241493174944,-0.06078025933735117,0.24723063562900577,0.20582994473277538,-0.062040186542964074,-0.3327361051020154,0.36220857245088284,0.2576266227357952,-0.2619974042363015,0.07611145232345158,-0.12625925240566677,-0.22188708677529767,0.1944112626591109,-0.2812247313202546,0.41997846581758186,-0.15645141299730772,0.2860381228011085,0.05350650778893755,-0.1724670279670306,-0.022270980369727956,-0.0015774648969910663,-0.02223518856734208,0.2877259463985386,0.3687324889148159,0.38783132671642034,0.3461013507948064,0.034772508183345485,-0.0826167881323869,-0.24596571307901746,-0.15507103437149017,-0.2520652161833643,0.24336343345985745,0.24628055920540246,0.11586385088332822,-0.1782498515311933,-0.0805986485771481,-0.17958882096933892,-0.18771026339140776,-0.21622772547765978,0.28781328438929865,0.07991056015443421,-0.01826988251556532,-0.050820445411111456,-0.023304791729643545,0.15816626350938068,0.13219917354304742,-0.035284904755777266,0.25628353538752824,0.041109968645902634,-0.005156218246327312,0.024848201268209063,-0.07854581007362776,-0.10470304961981095,-0.2277646472546599,-0.23110956097969207,0.056505288962342845,0.17199526448441424,0.20019087527409746,-0.15224407330886922,-0.2542764989085224,-0.31602578489739896,0.4110886460318847,0.13703737491564286,0.13621485009464815,0.06659397120793895,0.03741646658799888,0.2666850186839494,0.4015647355988414,-0.32925944516807437,0.19196779812811715,0.18184430653899802,0.3142716827922933,0.046648126069309,-0.12784237680673866,0.27179101407938666,0.11933385429277069,-0.27955857107555243,0.05317874171386827,0.09937371592993234,-0.1321997552140394,-0.2059433119726832,-0.018417994622933934,-0.10417768086330591,0.135210706222,0.045223959393636916,-0.21903663867825462,-0.2904228537312661,-0.017618500322223347,-0.2116173472001903,0.37217413444387365,0.19021533185767123,-0.22088299166867487,0.08994545784359186,0.1165317047169293,0.10486063495259942,-0.2776550173884927,-0.03204085994688108,-0.11645474551811259,-0.2447594363822048,-0.5827237195539864,0.25180090132636185,0.3724577796296191,0.2921023396682034,0.3077182944336578,-0.24210706199252904,-0.1390575705695559,-0.15731689121946113,0.12468737893733484,0.20405875476082896,0.09886820126762721,0.14329957617314495,0.3117041265908027,0.006374919662064912,-0.16362745544559532,-0.09715622862297206,0.14632905614714076,-0.18493276641459297,-0.2348800719906457,-0.09797703039152957,-0.2401887301998321,-0.0751002550829049,-0.042008052492616146,0.0027736512950281202,0.27468431094177315,0.03262547072434989,0.13245012254573202,-0.18151657356522427,0.2142313869737153,-0.2875084559262956,0.17328466421606026,0.12392570283388868,0.04365077742813775,0.1295182753449231,-0.3264473955584844,0.08267287687642166,0.1315166983273006,-0.154039693114152,-0.04155079205379731,0.08835950175818842,-0.09600509304796541,0.3755723841735785,-0.025597521745081973,-0.007792782251896567
0.2065545028769144,-0.09787128538575206,0.5194982597491374,0.8917480996634611,-2.0861118770077125,0.039095158847307875,1.5310813685165965,-0.8128625943694878,-0.1633353135512962,0.43526552112004424,-0.4530059162226696,1.5442985506393456,-1.6182347810668576,1.5402488154742557,0.0712815874760957,0.1515144212992361,-0.9623649730386481,-0.6095584540944063,1.1733181260392322,-0.3054425646366867,-0.13675128813297374,0.03284007508677603,0.31278075882393563,-0.09864505085934776,0.13682750661006468,1.193205792158896,0.20442935809510007,0.0646947208022341,-0.5215242084113394,-1.599094645114771,1.1333088768841044,-0.07996070221899254,-0.10080319516634068,0.9563337835920159,0.28626993940603923,0.0380741505796142,-0.5996016183183559,0.35944254990886226,0.36831255653556394,1.186352709905545,-0.8297843353181779,1.3641073756733322,0.023081360449154417,-1.433700788971993,-0.4933292243682007,-0.20126542582292556,0.4406163138770605,-1.0060479270924734,-0.37482910541432596,0.47049852168806167,0.033414986227213006,-0.20280186073893872,-0.21171601825222952,-0.6824073093601752,-0.05544432952064092,-0.3441467148459151,-0.07105197998117045,0.48722322038177474,-0.19876690312924195,1.0086276192480153,0.773208666242474,-0.16076706493941495,-1.2826169055246033,1.439966137911434,1.0305523058816692,-1.104909660204641,0.32460443816628803,-0.46588468499013125,-0.9593521761187306,1.034404505856619,-1.0973801075331469,1.6934277100065467,-0.6212753329066767,1.183212274841036,0.29936835305652554,-0.7849427644262575,-0.04128949137245931,-0.02530255161697524,0.14258287885600765,1.2468963133420126,1.5391058716466726,1.5008123417240424,1.4262395923179056,0.11025592932654793,-0.20463880800042278,-0.8593767318276266,-0.6825870602979612,-1.1160299248201573,1.0521775188502465,0.9465093253528465,0.4953506806453339,-0.7481751904699925,-0.31803280576989085,-0.6761792804335431,-0.7824542459684725,-0.7486297431387312,1.2399881510146455,0.3716291060342551,-0.0033186273186086163,-0.26355714165831096,-0.19822700699948398,0.7149217368947631,0.6111816891527333,-0.1431650909214121,1.1570082477816956,0.17515387743521002,-0.04022694095197349,0.12574552080107254,-0.27969963072227444,-0.5621340224606846,-0.999042746402465,-1.0041710673263682,0.29588413276481534,0.7115328150639963,0.6633110987748247,-0.5961209419335292,-0.9051432090587024,-1.3542675311201346,1.7185081967328795,0.710579199431096,0.5022908460034947,0.12932678109587076,0.1320371292718992,1.025449183456784,1.7607900152936173,-1.2538322729774092,0.8021255011824818,0.5648069924969973,1.2414274607761475,0.13315466062309825,-0.6203071053281006,1.1008298122197344,0.3460401507981528,-1.028614117136579,0.22311223885816742,0.25071011523547915,-0.4776220326409956,-0.9101920148397895,-0.07748317954249528,-0.4814631723335184,0.46751869336384755,-0.012605381381908642,-0.7457276387878343,-1.1587629582470311,-0.08880302762439377,-0.7129430307275323,1.5172893728970835,0.850496408724188,-0.8218333344012193,0.4571972349223583,0.608086837063827,0.5113452481953276,-1.1655291937623247,-0.10570504620224162,-0.3545465730447529,-0.989936658724009,-2.2671400930212076,0.8649608421643411,1.484778190016527,1.27364824360277,1.2884247744919708,-0.943066684567962,-0.5842902847113549,-0.6772308515014609,0.6270069310237161,0.7991918321245426,0.35209010470524976,0.5162619806260914,1.1417582421448136,0.025905609667114384,-0.5868283940266534,-0.4176054808680544,0.5003847731873853,-0.801369257138753,-0.9578478607608122,-0.4082758305544838,-1.147652365018192,-0.3245773716059218,-0.17639330789816127,0.02591563832324685,1.079226482108412,0.06473389062144633,0.4978813915078919,-0.8636773891794349,0.8239132942409766,-1.094770362073104,0.7091551508914261,0.4945683961468236,-0.07970371536498244,0.4577926578886769,-1.3962516637842564,0.30673722700796957,0.5767942379821754,-0.6248548977030288,-0.051787418860676636,0.38240220961368376,-0.3406403150259468,1.5869727415603656,-0.06471101666859952,-0.08426539290334586
0.021653799840607574,-0.04325888258700181,0.1758915948156886,0.3229421991805589,-0.7416210686984592,-0.014123741833177647,0.5013210464757732,-0.27506724746437083,-0.05973849530103732,0.1382818034187237,-0.1520154993880826,0.5178185959181605,-0.6087170671141958,0.5577641657082004,0.03139421383141225,0.05217427128825052,-0.30145415746505705,-0.21828916048362554,0.3472442441204626,-0.13616104984727978,-0.032695616564771865,0.015137423186404979,0.09039565477688889,-0.04649016216924029,0.05695600439055066,0.20442935809702872,0.6473922533036639,0.015174180520854258,-0.19924259918062004,-0.5625492076707339,0.38417946425222654,-0.03618672855074616,-0.02958617576807676,0.3147043505532985,0.10535487426300112,0.009015360020510897,-0.2348349118374601,0.09186411067278726,0.08845771165945426,0.3923749205748053,-0.2899859418073995,0.48726591219575566,0.031451554178275595,-0.49231264020895527,-0.15755841261004017,-0.08134586879550888,0.15937793287579327,-0.3160848727197817,-0.13438310461558464,0.1626081943515356,0.050948681306922775,-0.06377469472254621,-0.0829444761503216,-0.20141331449253128,-0.07548761135055505,-0.11729586741328714,-0.04308131073685113,0.16563935726012302,-0.08028987966246065,0.35575915424686644,0.22144494210891366,-0.02708278120108889,-0.44693974579066637,0.4836560497716628,0.3497608124396465,-0.3589953225818165,0.14243161149351133,-0.1380243075136083,-0.317136886575795,0.35838782187120366,-0.36732832258512127,0.5604939889870981,-0.1861942524406265,0.3812387723607416,0.1149173924154357,-0.24348323692875376,-0.05886224212615232,-0.02987803138456294,0.07007250998749515,0.420892419782224,0.5355637625382402,0.4898790462469536,0.507561965472881,0.04068849716915203,-0.07030126594300284,-0.32045239899550704,-0.2011138568149441,-0.3750751860600402,0.37438547500779346,0.3142408139258526,0.1563096746692084,-0.2380331434748072,-0.06471717614333734,-0.21560018656884136,-0.28072144159642387,-0.27612070402965716,0.41961615394550067,0.10307580945750874,0.015374815877023405,-0.08489313486521119,-0.06009330663186324,0.26895607846889624,0.20594135018150359,-0.03322175496211731,0.4219779158492893,0.07921042404791794,-0.030318239080220858,0.032953305205627094,-0.1077659735020062,-0.15676366134923284,-0.3197681960060957,-0.3075379248535497,0.07707089234303573,0.2677966652519763,0.18810988287790464,-0.1845113999911736,-0.3099813992067875,-0.43862065449219684,0.6186421956688689,0.2385302011763298,0.1865236017979966,0.0687151291386386,0.04340788884063723,0.3290202044071104,0.5830751989334159,-0.44528876124435746,0.27769231830671154,0.2279125472956559,0.4459714082631151,0.05718348084253625,-0.23521666554397277,0.37664810140312033,0.11133296585719683,-0.3326836852615893,0.05570414930179483,0.05205169917512101,-0.18640443662472975,-0.27859007629637217,-0.03478036249190842,-0.16136447504110824,0.16838199991789973,0.003713688273524123,-0.2843239085143085,-0.4145393372516144,-0.018486164546482158,-0.21849313564363734,0.5260540185106548,0.31288836780977675,-0.25602647215581403,0.14019380378086288,0.1923741501095594,0.16122997879957635,-0.4134339950074147,-0.04317098552268288,-0.0892929735793076,-0.31955589639130305,-0.7652273632226363,0.3039930018719296,0.5155255222855759,0.41738744188591526,0.4229929430335191,-0.3078586431417894,-0.20105698732058516,-0.21438237520945697,0.19883307570214453,0.2538817080179544,0.09701904235807937,0.18760502769882198,0.3660940467615025,-0.022857471800799535,-0.19840968847462223,-0.12710303581475757,0.1930977489340142,-0.2812141266729324,-0.3418810104898888,-0.17713553637553608,-0.3802147016972639,-0.13671312485029558,-0.06570942207536673,-0.005700121384797332,0.3444776809377275,0.007638676692771646,0.18929603404777554,-0.26875337412608685,0.2958160704313946,-0.38111432886884855,0.21961777536614224,0.1801872121750727,-0.00593170087174175,0.18395708880031103,-0.4727125718328944,0.08062964854775981,0.17250686505665305,-0.23610246550733371,-0.029026313281403905,0.11268500156864891,-0.12068978036534155,0.5186639443412785,-0.027023564043822473,-0.04636207994499282
0.017287948576554378,-0.03038870579688369,0.02966732124235652,0.08385737588384676,-0.22904800776614062,-0.011357055516357862,0.1270625916273009,-0.036137539695549926,-0.022631925045014628,0.05226552135890673,-0.02166903199471298,0.12831832362732148,-0.13264470228196762,0.10464250458447201,0.011717139145669426,-0.016749712882660757,-0.0806971609792804,-0.02665196520923711,0.06649025230248674,-0.031188521873965896,-0.03969664236529646,0.015302038789908825,0.0016493641504478056,-0.046968053648859705,0.03663502073408091,0.06469472079629698,0.015174180518664138,0.5035378765835966,-0.042717532434540434,-0.12804527030702254,0.12803918504814965,0.00941767781973676,-0.030820076211690667,0.04085482678961705,0.04011644403554251,-9.044308772628885e-05,-0.055966791569546426,0.04568696666888942,0.035116886341786786,0.11191145183883372,-0.08098981290534434,0.10461554003067297,0.010380306590746855,-0.12858049546138128,-0.06011134621733197,-0.03160614473503284,0.010841416076042455,-0.06732204840380576,0.00021192032538431974,0.04550519100687707,0.012418644829469996,-0.0006915777192051577,-0.04489438270200152,-0.09338475056432448,-0.011565325203133614,-0.06145361100226725,-0.015120171595981086,0.031651422582857094,0.0019402397698418104,0.08540478865205045,0.06025037739875721,-0.02901318328062241,-0.12207072678150564,0.11312622801689966,0.08135124188251067,-0.10129186528409265,0.007768782249438336,-0.015233578741801713,-0.0699105340824744,0.10335722628190817,-0.0966606071147642,0.14010444300435845,-0.04325157034610199,0.10635010962847821,0.02130034794696299,-0.06032097414241055,-0.04070282290914762,0.016743435491030665,0.009375047411897156,0.10677264256305995,0.15203680731387106,0.14799505824427092,0.11446475401466619,0.01713470518821327,0.006747523350930381,-0.0615303319857872,-0.06384980138696728,-0.09555780770834421,0.061468618237459416,0.10105191812967824,0.0399082299888203,-0.06272106670778105,-0.05904252822201117,-0.07112961235372879,-0.09507601766291901,-0.043365879943720126,0.1001722209257815,0.030277480916166888,-0.04060205952511211,-0.03872507769498497,0.027551562611484427,0.04182536291660985,0.08484872137145671,-0.010472039811659478,0.14107008191848852,0.02236394989774543,-0.017947481251387204,0.001358429857194823,-0.022224560371070394,-0.01994305785874853,-0.09313111071131742,-0.07556856520709035,0.020419538700619064,0.055193389045114026,0.023419931987112525,-0.02926704591237631,-0.10715620988752059,-0.11786204832017089,0.15799596789712006,0.05602646079550734,0.03354841580877871,0.006913518996056746,0.027211147625094412,0.0711518060457294,0.16838357147138422,-0.11007486976873813,0.0769164287525559,0.05627232015142846,0.12698770771585585,0.04502671503433235,-0.05819633421797004,0.06351270769797099,-0.023060547982124174,-0.09823530580722642,0.011040307852138194,0.05147643741518383,-0.04013069236883163,-0.08298952335958013,-0.0027733083859753606,-0.028402894926994864,0.07412683293327006,0.0033153948947515317,-0.1026496380121016,-0.1060100564557264,0.004225862189027557,-0.030464810257633278,0.1703909717850689,0.0574205223099417,-0.05210617933094727,0.02121924476098755,0.09158170403802339,0.08162212023093293,-0.07853775116178623,-0.024387177446996356,-0.05215667233126013,-0.05156960353890009,-0.20594491702567105,0.05227576511492445,0.13067635086968166,0.11366039198644731,0.1204333539122072,-0.0892262873572012,-0.09041358082053422,-0.05125300871322276,0.03569851154952294,0.060152063146956376,0.019529586730340564,0.055648449367536296,0.09494445564734436,-0.016267796339632073,-0.04092802208107693,-0.043240608243179504,0.018973978250421394,-0.06990592187472353,-0.050542955407964676,-0.015387251737930202,-0.1205038835976707,-0.040047204719514645,0.014616128693884442,-0.003425955392020652,0.10921731867494285,-0.008632190598703881,0.01280402499016313,-0.04206269863110841,0.06584417714052938,-0.1043169209158624,0.03968365837858452,0.058167618327795136,0.023326262501345202,0.033284498325428395,-0.12269510349604901,-0.021508328422656306,0.04739501329834311,-0.03544697523149049,0.009519205124956097,0.0222736899427915,-0.02181313793434911,0.10967060468442387,-0.02002333532719886,0.0007419652762766004
-0.19877809896400866,0.05979834445157774,-0.4252886561139333,-0.7269091765443964,1.6660766064469819,-0.024553785909088736,-1.2835680510312226,0.6383769749380072,0.1256237890403078,-0.36884147373532866,0.36887386011347295,-1.2559835692780068,1.2915863651991417,-1.2360166845332534,-0.04427550361803441,-0.12365679570973098,0.7602070848397533,0.5216468090715148,-0.9410399752801993,0.22193656227457584,0.09894820588831925,-0.07556558627088403,-0.21668373849360445,0.07270173013185202,-0.14632014410178942,-0.5215242084131755,-0.19924259917962395,-0.042717532439668415,1.0143061412550125,1.2907079864070226,-0.9087092375078786,0.07417949769972176,0.11214976459548599,-0.7801174193978219,-0.2629606658560851,-0.05659023481958156,0.5336010536298257,-0.269814338084456,-0.26638476903600417,-0.9325438904592064,0.6798646920691007,-1.1146095901755237,-0.009108624710843206,1.1481314114029486,0.33920123554129783,0.1520596456317112,-0.3619821035859254,0.8168935802200242,0.3260282797070353,-0.3842053559880358,-0.01353150531870316,0.11839467857486402,0.16613031009688495,0.5949682967790123,0.023875801474249447,0.2603103567649362,0.05420201812627416,-0.4048058988257171,0.19287627085913311,-0.8180305769361816,-0.6114958237810637,0.11263650121462468,1.0242716122959297,-1.2077045966550928,-0.7906852792962032,0.8971552103830764,-0.29465256118293504,0.34640807269811286,0.7797876752408517,-0.8184855114242301,0.8499409847509171,-1.3467247540892593,0.47485023237743,-0.9822238361502112,-0.23852553803483234,0.6341896590235323,0.06950617160383739,0.0002519920833094361,-0.1194839557772819,-1.016849326368502,-1.2194716199580378,-1.2114877028030155,-1.1174897108675408,-0.1146102026368356,0.1834051521865508,0.7055090367289626,0.5511937011379383,0.8339961087501233,-0.881931559197883,-0.794720186050102,-0.40871480654663794,0.5862994389951758,0.22465257921054704,0.528400144937216,0.6341505715672038,0.6134197760476389,-1.0018043753585586,-0.27327713111934193,-0.04463921830701561,0.2092577561721648,0.15887918884879185,-0.5476892603946447,-0.5026616004220487,0.12272521374265963,-0.9236069132635343,-0.11995259370696384,0.05379103714255101,-0.09231879330133544,0.17124312688173837,0.473283722910054,0.8177386891054206,0.7301754735821149,-0.24126327709172124,-0.5401116672754288,-0.5321441967265623,0.4804269650089174,0.770447814505743,1.0827694410968423,-1.3476926591147433,-0.5932694415297752,-0.38651806497237307,-0.13894248082775273,-0.1018055823957842,-0.7921410542909976,-1.3916663976451555,1.0168329471554327,-0.6878732961997309,-0.49459679867127104,-1.0041593982833115,-0.09616041908749452,0.5025379624437294,-0.9128060202855512,-0.2805974907279518,0.8231047947542199,-0.14047990301536356,-0.17004861902275223,0.344677592463581,0.7234655865546067,0.05098122242263888,0.36242887570069293,-0.37711121900047573,-0.005212550577477357,0.5894778752573251,0.9639521630915806,0.09132651335842012,0.5411773935752499,-1.2158259906311846,-0.6515692292667555,0.6298995843892565,-0.33777524868780395,-0.42055654127716396,-0.4281766379643385,0.9345897679570014,0.0870913564511844,0.22556753696618026,0.7816829675816201,1.8066790906805639,-0.7342242237117015,-1.2362569984624263,-1.0036423622749457,-1.074693850464669,0.7604453447043851,0.45820406565386546,0.5582384790482496,-0.4629449884250805,-0.6360486265811621,-0.23247902166252135,-0.44964839814457863,-0.9712975785401772,0.031145518589337614,0.5019930846900734,0.3369248610624451,-0.4231029718007339,0.6672361283060614,0.7853732069373225,0.3009434760940557,0.9150941116602997,0.273492876333579,0.09844223316126288,0.005020521138230802,-0.8537113384012316,-0.059761050809205546,-0.38705215626109457,0.6515087490033153,-0.6595359120803832,0.9145989853380809,-0.5592904183630774,-0.3722285726124312,0.009601284020270676,-0.40712699894099363,1.1120825721284107,-0.22732887787660427,-0.4482010734606125,0.48543115925710467,0.0846470455097824,-0.3399316069131345,0.29347698248905185,-1.333420639283761,0.07043626423182955,0.05350512245183003
-0.42251054813372596,0.20390358800188388,-1.2714875563611645,-2.1316918606197395,4.997712166971374,-0.03656795739596739,-3.688306903944913,1.878251659480423,0.3454936585702599,-1.0584631384018295,1.0916416594425793,-3.7445106193627273,3.9105242250346217,-3.7195280104122306,-0.1579960987648858,-0.36299724261194044,2.309398805008277,1.462927099110213,-2.814273693627176,0.6927012795865707,0.3109848056872431,-0.1820673460791916,-0.7491484665339878,0.26384999650945795,-0.42345990411194606,-1.5990946451192565,-0.5625492076681357,-0.12804527032032884,1.290707986406942,4.454173174961767,-2.7152547674684517,0.25708936238419544,0.35001245602257586,-2.372219967426383,-0.6551895924236282,-0.08836705351220561,1.460786888240887,-0.8340615225610435,-0.8041718555727307,-2.864691527396123,1.9752839957178931,-3.3642154854232142,-0.02923859497917153,3.4353315651761207,1.1240974847684804,0.48211660004498835,-1.042322111387353,2.4044230012011036,0.88072047147447,-1.129243599255109,-0.05896991959702266,0.3962514521723106,0.45108273932246656,1.6604559215725903,0.1606876148486604,0.8209148641080514,0.2718536492710417,-1.2717402833649998,0.5503657522173482,-2.432118567156307,-1.9649467835979317,0.30336046465666516,3.056236709843287,-3.5701778494123397,-2.445060411280275,2.6310685673938075,-0.7642621659610644,1.0725172576964879,2.344210144629898,-2.420887330602926,2.616779510517382,-4.130954339696143,1.4489726257300373,-2.893077272555397,-0.6945894218965357,1.9095805605510792,0.1462634487625327,-0.022060454369374503,-0.33435040824311557,-2.9828074659492674,-3.8018633332476943,-3.6419641583140963,-3.3258602078764863,-0.30389084339471933,0.5094329655208856,2.0880712941775013,1.6267725238380362,2.5719176530620027,-2.6236667734796466,-2.3276828807360332,-1.210151681981721,1.8248317893639123,0.7640878266935982,1.606420737196687,1.8463272786302742,1.7525221592581406,-2.9758638807344857,-0.8188022255397955,-0.05275358868061314,0.600140918639735,0.42532670192320654,-1.7597040254469087,-1.505781864846507,0.34611006231816577,-2.866629744241739,-0.35093710034544745,0.18306444872337144,-0.25979086314109445,0.6298876759020592,1.4175624518870205,2.4074878553757757,2.362989245897311,-0.7154739854258895,-1.652555633293991,-1.5541725336783545,1.4580756667419998,2.225976256600664,3.2192277648218446,-4.110923591424306,-1.7194888746349868,-1.172693136615121,-0.3710401128593866,-0.3336354720205901,-2.365198341087541,-4.258335602496823,2.984459685709214,-1.9949047568701532,-1.476071565212821,-3.059749798102158,-0.29189453718775626,1.4990504160598652,-2.6454335331829655,-0.8069937280100269,2.4974623317754294,-0.5350997110040501,-0.6028375734871926,1.0897029810506944,2.2415208198595704,0.041724864796496994,1.1535078929539535,-1.135707096091383,-0.057104117138192356,1.7931134096705459,2.8338792251601896,0.2126480014699349,1.6335340054628305,-3.6804991537714566,-1.9977414381710088,1.9143343559484527,-1.0347784380883602,-1.3603076274417003,-1.2480496503679588,2.8246133736724137,0.2932719139080877,0.7629016009629548,2.4045812971484946,5.482396254152899,-2.178891067783748,-3.6764028586668323,-3.039023329398404,-3.1439128967517784,2.282751219430289,1.381046774735556,1.6620303893035728,-1.4503054499619341,-1.951007750598949,-0.8095870016689647,-1.334616395289456,-2.8500497198171195,-0.048130367462106964,1.485270093781796,1.039065643344572,-1.2626840856562953,1.929493063262284,2.3404000597778523,0.9639094841883684,2.7628077589169595,0.79188832139104,0.36396582084569,-0.05054410853814201,-2.549125939525328,-0.08395901406897677,-1.1986391820496163,2.05394157214878,-1.9216067668300705,2.7503092017202713,-1.6014397561257172,-1.1554352040971811,0.11856176994379077,-1.137659670879765,3.2522301930565387,-0.7015347207371623,-1.3613179006693492,1.5099129985635993,0.18063655977020648,-0.9618253895333623,0.8877336479204486,-3.7662014750295487,0.10659357395875903,0.19359898651675544
0.34281544740197967,-0.12046662160727854,0.8438166661850766,1.5109043810633893,-3.5832887098769906,0.017921493421946086,2.5982547600868213,-1.3594683771980776,-0.22974622628053784,0.7817021396914559,-0.7817739221224691,2.657224779857715,-2.8054256569999394,2.620976996322512,0.10564018266941458,0.2535968205054296,-1.6222594266629973,-1.0411184782289682,2.0352737136810006,-0.5206169268899677,-0.2140337140286698,0.12994409579635396,0.48704269673554795,-0.17606370826701132,0.2945106040803812,1.1333088768809452,0.3841794642483487,0.12803918505742742,-0.9087092375026701,-2.715254767454591,2.483225133850921,-0.15742010244422644,-0.24106856053533696,1.6085162034348979,0.49682806757202075,0.08539852170890878,-1.0893072364154341,0.5616955852400096,0.5775904131384122,2.0044867864164226,-1.3814739690678663,2.4002031217444855,-0.0048924559857371624,-2.458750845174925,-0.8145600320755879,-0.26574956811723,0.7292255224982448,-1.7158102913030475,-0.6473102593662771,0.8497124942529106,0.030530942523578797,-0.27712939563877786,-0.35043751836454895,-1.1958288516664357,-0.09965662013198381,-0.5777964199453587,-0.17035932396381823,0.875340454759051,-0.3698806531712738,1.7222673305231126,1.3388402278089178,-0.1937240434347925,-2.152918717403415,2.555579211025143,1.7446195978823196,-1.8727677983118451,0.5555517378263107,-0.814267450567728,-1.6530871771786888,1.740918640325539,-1.8699020655229597,2.918511889117086,-1.0239696629043846,1.9985789157074372,0.46592935276592434,-1.3481158981554342,-0.10110617873917847,-0.0027754203446118796,0.24212768364855702,2.1111299004031667,2.673829396494478,2.5937630544185386,2.3560814613051813,0.24229523241975812,-0.4116699588222579,-1.5163966859196356,-1.1765707817396163,-1.857990786719202,1.8728081129346086,1.6205966824469864,0.8335563212676327,-1.298139730203692,-0.54501378385024,-1.114080520871221,-1.3381808170654146,-1.2522721294308226,2.086116469174581,0.545556154422479,0.06211473882069926,-0.4565829998832257,-0.30384383761884315,1.2179484097750035,1.0268305987893296,-0.2923996351069611,2.0466268944270904,0.26723916201934317,-0.1504681182882028,0.18797114394630338,-0.4377072425965637,-0.9846834574461577,-1.709972914402549,-1.629407287325103,0.4998772739935595,1.2147699143478639,1.0596589475787055,-1.0455603333271823,-1.5939107472077754,-2.2453626732539957,2.9224609368668495,1.2072130015143863,0.8872563234219971,0.3055812538532796,0.2439345635139509,1.7237642434420224,2.991317758001974,-2.1356203679130927,1.4410993606361917,1.019987007438139,2.1826560268885404,0.1784143354039155,-1.0765402971411528,1.8766328950504911,0.5605707129547499,-1.789329526146777,0.3779284709304737,0.4310708941941158,-0.7592803879810921,-1.5326310054373216,-0.07229616079615944,-0.7889511285632104,0.8496205819796308,0.031043004550717353,-1.2977582632651605,-2.0229709965236164,-0.1688065660792619,-1.211821030506455,2.6132139007946154,1.4024660575447359,-1.3414172247973646,0.7336960957852664,0.949533835930071,0.8799473383649526,-2.047463399503988,-0.17734137023583785,-0.566765265496855,-1.700440872338363,-3.902057046205585,1.5540716726601969,2.585497358855693,2.1473017222718567,2.2355692039881045,-1.60846881436952,-0.9817928817859203,-1.1837893487234967,1.0276571829719934,1.3965883846850253,0.5544235962649383,0.954055033253925,1.9937964645941433,0.027442624538242567,-1.0774774389701782,-0.7418419570340684,0.9116513740921744,-1.3920328723325657,-1.6681613725390636,-0.6996906915756947,-1.9624664317291751,-0.5471072513990246,-0.21723806927014386,0.026573802163963878,1.8199756082591425,0.03875964391765681,0.8820900676621772,-1.473744380833273,1.3782431119234635,-1.963470493150674,1.1438856597559424,0.8210733829470743,-0.09743392819169272,0.8220668042228529,-2.303994259540259,0.4769084907414913,0.9659686285551233,-1.0418336854686578,-0.1515722391533234,0.6822049820295969,-0.6426365340921687,2.6885570284767475,-0.0660576145553041,-0.127766366401042
-0.023945713571338942,0.019557318526078758,-0.07058142017388228,-0.11337946124528711,0.2946315521593386,-0.0023814864047781315,-0.24685463681131764,0.08759702460376655,0.004955306896450148,-0.04404785078744165,0.0762853155840018,-0.21895437552691488,0.2527019326633475,-0.2464802301232596,-0.01605533155455052,-0.03518913045915371,0.12818993721584843,0.08890087720983259,-0.1939244003029886,0.028269246435793316,0.022140624540992578,0.0033361778511028627,-0.0046925051539434826,-0.01935857205085385,-0.010187588585090801,-0.07996070222091894,-0.03618672855121208,0.009417677819012203,0.07417949770116994,0.2570893623878574,-0.1574201024474793,0.5830377628901857,0.020185714530657817,-0.1652412229486126,-0.02262265127271257,-0.019320994558925275,0.0689130774829565,-0.0860314403229605,-0.05786258574921671,-0.15531576213001477,0.1392591095905262,-0.22684717516323924,0.011660003558172755,0.18681203128618268,0.0792981286897552,0.01684870141455092,-0.05990105042484545,0.14615042299449252,0.06285721082742572,-0.07674414407936586,0.010538966209600327,0.013590608261305245,0.028047851310491055,0.10846651985990527,-0.005960411501254642,0.048544269602108156,-0.010320725365622226,-0.10137652114120216,0.02315842472755675,-0.19415251701760697,-0.14028159317960626,0.007801447781885962,0.22616791211062212,-0.2501530435847526,-0.16573712695264853,0.1585540665467526,-0.038763877962318505,0.06960539350760159,0.141926944696798,-0.1314208446474004,0.17111409316259846,-0.2564843079004929,0.09378825066707457,-0.20311136774702965,-0.05804782925027005,0.14050886906260254,0.01001068942640528,0.041480241658325145,-0.025008203378314182,-0.18692040015328168,-0.21629453168766305,-0.2370993233132782,-0.2365570950534553,-0.01969262002264185,0.03856187835510454,0.14431210344445997,0.08598665306691551,0.1857308022247012,-0.18051530546540823,-0.14632178844992386,-0.08297964591246769,0.12342663731050285,0.05309201253291457,0.1258598792309476,0.11967762965072122,0.13958868203532773,-0.1845830137708218,-0.08667556597075808,-0.012783253463860212,0.03887669747037658,-0.013972881598771449,-0.09718927949559784,-0.0792302498658674,0.03082560137623863,-0.1964527474514684,-0.008764140965382701,0.011938744333989275,-0.008045449900171232,0.017570199214133456,0.09189502006600857,0.1426265173593805,0.16762290792200535,-0.017284567575762057,-0.05252171115864751,-0.06928203668323611,0.07529981457164805,0.1646872110584943,0.18259492117410547,-0.2638118367806105,-0.09011973464845664,-0.06072542555253542,-0.028228909776766113,-0.04794369806411809,-0.13699238323409227,-0.2442404614471204,0.15697673015751834,-0.13957327828944166,-0.029704832500419727,-0.2002581720748098,-0.028450860434426576,0.112818110309255,-0.12662118634836397,-0.05175913984370605,0.15830072544047075,-0.07216155372229908,-0.03813468428743972,0.06016818745589405,0.16334723046861344,0.03408052719940621,0.03996878329054735,-0.05704536438825334,0.0012296322829313585,0.08977582058648662,0.16623568893732732,0.0165100668144523,0.09069699965459162,-0.25967243456546235,-0.13913476912084832,0.12782226663431476,-0.03748949155842678,-0.12536075190336618,-0.07672378599487847,0.13128039653707776,0.024784460554153086,0.05215763421360282,0.13732604780796442,0.33652833143030064,-0.13299432647497592,-0.22327524326756976,-0.13724830206838787,-0.25041100019072215,0.14475648673192684,0.11982541195695062,0.09031639546946638,-0.09598774427795367,-0.0957797836458285,-0.036491910037661515,-0.10226088775996958,-0.15508568354819477,-0.005945553682118417,0.13306187890728377,0.06766036954419499,-0.10618751162251011,0.08310814999248803,0.14375242764602714,0.06319269084680396,0.16983469382922264,0.05116133415592875,0.04324488136349858,-0.009635918039427947,-0.17828099959639737,-0.013443231214777585,-0.08952229402955479,0.08405345323362316,-0.11732105177724142,0.14803495867830122,-0.11093856993302709,-0.07797247428280182,-0.024126086227891846,-0.07367461563062275,0.17093721604544987,-0.04981604165874189,-0.08720289752408394,0.0699345771064427,0.013610084316094697,-0.06836741006950245,0.06207474067402248,-0.24743027485136118,-0.01786965932115411,-0.0011170153019592396
-0.0015171241567619358,0.019314383333045325,-0.11525572613747476,-0.20101803119922124,0.40543149802743383,0.014823427438655742,-0.3335574862856359,0.15947860995861243,0.040675095968579364,-0.08929717263422812,0.09438177001260085,-0.3365970033224022,0.31932985891971405,-0.3506366223885351,-0.0019282826594260814,-0.07111770099054912,0.174809207517102,0.11650791552433724,-0.21521386654053312,0.04749088523201096,0.041909205933510746,-0.0020269722856331666,-0.09450700411631754,0.018217597430268708,-0.02874370460904915,-0.10080319516124503,-0.02958617576613927,-0.030820076212038888,0.11214976459102168,0.3500124560108977,-0.24106856052778372,0.02018571452990756,0.564872408308156,-0.21817401523907634,-0.09132107916482751,-0.03946205051735455,0.10691781678981592,-0.0780042471858865,-0.06469012445580542,-0.25954507777659586,0.1496277165952687,-0.29833931303065503,-0.0028277457567579996,0.28517348580949126,0.11092965064049068,0.0508612378625421,-0.1269481978055158,0.2074353201590732,0.07483459806455799,-0.12231537479611473,0.020067243338811817,0.042132183383012424,0.031619684775816795,0.13523297789108277,-0.01200020917686712,0.047761794942742866,0.02203964010668478,-0.12318183410230607,0.06546891326622452,-0.19766979439491528,-0.17863347012168107,0.04728681867334421,0.26625419567933206,-0.3290608206873849,-0.21525134906421525,0.24413453628743,-0.09418333233690178,0.111559762803587,0.18508600978894957,-0.21122192834777254,0.19662319438348697,-0.37680357965901123,0.11567450128046446,-0.25313528364087656,-0.07537393346242974,0.1863274112517969,0.024248382316425836,0.023189160545050158,-0.04460670210169472,-0.2505510762307114,-0.29226737418533144,-0.281671349803088,-0.30613424776695847,-0.018562554705800312,0.06326006761028932,0.191915338447098,0.10927013426184692,0.19668748266751762,-0.2232132692299134,-0.20280177552797998,-0.11322117268889437,0.15828144814846748,0.09855665874295236,0.11332426279501362,0.1271133488326297,0.14180232027253645,-0.24779673155560653,-0.11106536150565398,-0.02385954753655955,0.05635305700612299,0.04415343734787171,-0.13482974044428953,-0.11650670188731876,0.027818451210346852,-0.24139254447110847,-0.017703438221590137,-0.014721640293111123,-0.0475841214763287,0.05286685962546363,0.06150860442640263,0.16551354650737643,0.17646653369333204,-0.05487464725655394,-0.14421277074189487,-0.12667018086631882,0.10813858635727772,0.2067949256782267,0.2740517949375505,-0.35556019743810974,-0.18082331106333502,-0.11807416537881843,-0.08419806334295551,-0.021527200763438382,-0.20154635911966237,-0.3338877201887723,0.2331720361450697,-0.19626118459048,-0.14928581859811094,-0.23205608853044707,-0.020875128060714926,0.13817819495479203,-0.20807457447625688,-0.06196668494135935,0.24229389768189688,-0.07833539849179645,-0.029302077098854306,0.11147638712765781,0.16898227604603452,-0.01602687679367603,0.1273121411481845,-0.07753088847561956,0.03225228848681638,0.18477760697824566,0.26040086057635387,0.02142745893425064,0.1498985916154029,-0.33377427120844017,-0.19467422763329453,0.1506098710798866,-0.08523922547077195,-0.0565118548524257,-0.10748360155793735,0.2206208763351749,0.021456256170430094,0.0905867623268175,0.20968905242720526,0.48880026391826925,-0.19884038019472142,-0.3236980938068588,-0.22207768970852496,-0.2707982028232838,0.18505827931912416,0.1050282076347051,0.1333679675322495,-0.08913624057158052,-0.15826496777941362,-0.05809325153663157,-0.12160614526234093,-0.2453671505592567,-0.03920476485056023,0.12080359245081246,0.11133059220062752,-0.09780487809343824,0.1779376435254473,0.21447981432967658,0.07895734311336784,0.2460937023924354,0.0639425610717879,0.06308509080418337,0.020764750306975083,-0.22543443726635135,-0.00940526354252627,-0.09092379036758369,0.16235056591906474,-0.16001572565408004,0.23561900760036983,-0.15640424453518048,-0.09044327090846803,0.037002058717219545,-0.10223731752436685,0.29762255262739606,-0.06906935629583251,-0.11777595451271179,0.1278875327825944,0.0092807234719062,-0.10880483810940995,0.0758906325405656,-0.30536833693974835,0.018493150723606036,0.0026938415524835153
0.2786942883779979,-0.09408714722607975,0.7445593613965785,1.2818492157182158,-3.015699434935056,0.02655189610792171,2.2024356995270518,-1.1957729337358673,-0.21447695505940245,0.6466896466667947,-0.6404194440314345,2.3092082764935307,-2.3318594280254867,2.246895406702565,0.0734137347649916,0.2240815691981981,-1.3817437465150395,-0.9165006156397101,1.690971269845899,-0.4152672285882227,-0.1794029037549875,0.12162408350034255,0.3988724046947708,-0.1843680726596945,0.25746433741274216,0.9563337835932118,0.3147043505514442,0.04085482679732748,-0.7801174193967484,-2.3722199674232765,1.6085162034407143,-0.16524122294638358,-0.21817401524566804,1.9465242582816582,0.39767404168837717,0.05294441309193561,-0.8733531993939332,0.5220539345222764,0.5329074636180883,1.7236206951306232,-1.1900424777142438,2.036427362226819,-0.005438813104319609,-2.0622575580064857,-0.6677336258283387,-0.3092505077415846,0.6451298105684908,-1.433124345943599,-0.503940929520484,0.6997901316249093,0.03563809219421478,-0.24991328916670197,-0.29066094312159635,-1.0466394666320844,-0.11314803295431408,-0.480074044892147,-0.13821680254571178,0.7699341850409452,-0.27024144946685624,1.4452128775498836,1.155979533113966,-0.17012667904280712,-1.8700254860384895,2.1534601352657656,1.4764300571476479,-1.6268569426423407,0.4807251739872387,-0.6702234960479069,-1.3881748188741052,1.497468207910449,-1.5994650030525124,2.4552284413275194,-0.8387533151214347,1.7311125387754538,0.42542739888021597,-1.1451619373806563,-0.07519293899553392,-0.017555862497712765,0.1962286589553099,1.8365639233300621,2.263593569103437,2.1811556896921243,1.9983666105164848,0.16934086980267293,-0.3432071242992098,-1.3036370431517126,-1.0231700107760586,-1.5779109112420369,1.5760039659740515,1.424147235581035,0.7277076189928537,-1.0840919045862283,-0.46764475384318016,-0.9850461075818867,-1.1048908369789603,-1.0420492022654297,1.8022228523827806,0.4970615902391701,0.009906415607836422,-0.35870990145412074,-0.20841608847812287,1.1225086734218486,0.8689653206004108,-0.2321570840243536,1.735382558153662,0.2455695919466312,-0.12999254259445617,0.15839521897832004,-0.3783777923545072,-0.8482791549754727,-1.4515226117785636,-1.4077784360609724,0.42431263922788337,0.9796857411705002,0.8983141296517897,-0.8838330937524889,-1.3394083254613425,-1.8852136301168119,2.4574835150057233,1.0640075233724642,0.6992722607912092,0.22214889852638486,0.1754661104197198,1.4741205195710154,2.573947617984745,-1.8107234210736827,1.2265049461203321,0.8373151469089569,1.8632170306167488,0.15995805313706854,-0.9536508854102168,1.5818479032380393,0.5110423913808361,-1.4915444885421045,0.32368105817763737,0.3464849393799732,-0.6623518716817594,-1.2578327193234464,-0.0212168370152915,-0.6908955182161387,0.7011187354518669,0.028868656638546854,-1.0653266256509004,-1.7060273413469664,-0.1618803870878091,-1.0060418503191892,2.2101034312304573,1.2186309939001916,-1.1801476767993093,0.6171416862291372,0.7998239240968931,0.7460700561947823,-1.740829236908964,-0.181265085225204,-0.5031908069432014,-1.4598236371416515,-3.3032000997874054,1.3080976867291456,2.1819976615990946,1.8170687754834038,1.895861786915604,-1.3828903668231365,-0.8470480122743844,-1.0473750927620205,0.8372665552903934,1.161729038091832,0.4789823604114181,0.8263741490117146,1.6939336017425048,0.03608534785678626,-0.9363919327960466,-0.6280758561984459,0.7649830888218545,-1.1681763655641537,-1.4392626465529241,-0.5980791905340141,-1.642335504168778,-0.5136559010941696,-0.2045687336600467,0.02331996870313352,1.5310389379287703,0.02365510683455173,0.7269326862115463,-1.2261620815717647,1.1917267798526328,-1.6375885534363108,0.9765575987454942,0.689207041320805,-0.0632064118186789,0.7080152495879531,-1.9952227781874186,0.44232096077220073,0.8774309024409436,-0.9353051528694656,-0.1169099211015143,0.6125911474095327,-0.5595017295303802,2.2977140873431563,-0.056123973690902614,-0.11827888782267228
0.0790005938550838,-0.016016595448848453,0.24080884010885645,0.40454837086290263,-0.9259396107406341,0.012501985352645498,0.6885343545631787,-0.3380731068578019,-0.07508931206333433,0.18433573837108982,-0.1739044774085022,0.6884432210011247,-0.7260512371933646,0.6610251711938653,0.016352247911354683,0.07708373643179565,-0.43854011351356736,-0.2817400648092892,0.5311705757051041,-0.15228528957023524,-0.0786619924861931,0.001159040046023331,0.18146618937659323,-0.05091910185198569,0.03325904870053744,0.2862699394080842,0.10535487426278994,0.040116444038100205,-0.2629606658569323,-0.6551895924264038,0.4968280675766887,-0.02262265127226655,-0.09132107916730389,0.397674041690807,0.6988158469913952,0.037519289747199036,-0.2759316421642225,0.12254972514361469,0.1679862446390495,0.5675320675759783,-0.4031631741226072,0.6014558404587169,0.02899276215723482,-0.6129289816444599,-0.1625335909501552,-0.0781343198206873,0.21648113948496112,-0.4300427251976247,-0.14359684227855307,0.21975484950542018,0.02846898794811299,-0.0748058645384213,-0.08159649708157236,-0.29619966170415035,-0.013167044696724283,-0.19883566736371783,-0.06495700271684249,0.23528735476780144,-0.11188115820029321,0.4620583766676142,0.3396079839379636,-0.07831933025592076,-0.5671992133935989,0.6720744686806542,0.4268053316166453,-0.4673246694093062,0.15531338066086306,-0.1919303959906864,-0.4115432543441291,0.41041332798065017,-0.4787953321667387,0.7715387363888375,-0.24702046306851538,0.511473141588542,0.13058465713309067,-0.3306886497531127,-0.019636136582800216,0.0031635751185449218,0.06828640344967671,0.5300441320232201,0.6662319599555048,0.636801639509803,0.6468234967169464,0.04277200121994729,-0.11416284198647055,-0.39967020200387465,-0.2653574130676049,-0.441300843706135,0.4479589974664635,0.4314504344077246,0.21784900967902543,-0.3596345948705654,-0.14894269195717455,-0.2975279854377664,-0.36786599716147955,-0.32136316929215936,0.5298304563065515,0.1430169978337078,0.03269293200778421,-0.14400508990028482,-0.062204763694964554,0.31833931120236425,0.2597575195794573,-0.097426658943955,0.530437818144765,0.051836577566138686,-0.06449704022140143,0.06626879778850613,-0.10969717434650228,-0.2586611355028768,-0.4255084632476777,-0.42334224110960916,0.09840756864659073,0.2702938252056831,0.2778179243311496,-0.2700091819847438,-0.4021427632105461,-0.5855570849045343,0.7484609197781361,0.30245620504350157,0.18778165018351997,0.0920136467818073,0.03569184121026059,0.443739438349734,0.7805361995906553,-0.550933372802999,0.38017717219938957,0.26659532096429855,0.58201046101952,0.041435038632185325,-0.2712068943168688,0.4761155635734426,0.16705785929618763,-0.4815429213074664,0.08128909596055203,0.10683644199160489,-0.1889722847541551,-0.3828157060501781,-0.044263702587441986,-0.20247791868068596,0.19533290925176822,0.012193189014572588,-0.3231644550646635,-0.511008879603584,-0.017086714237640965,-0.29577381461492286,0.7289782842524404,0.325285956222522,-0.3652944372225022,0.12821403252385447,0.24764704560690545,0.22119656030962007,-0.48842238791740317,-0.03844594077491615,-0.14226634328365673,-0.42580525387353396,-1.0099889112876606,0.38387101562940584,0.6356085922991523,0.5638037596654754,0.578438914743196,-0.4215237133963622,-0.2638365262621756,-0.33529030828871,0.26695919681333063,0.3221994587594253,0.1238872729094288,0.2706414099641664,0.5179212689050479,-0.021540685437255142,-0.27691022300561285,-0.2012342236507127,0.20899148970208078,-0.3994297607842663,-0.45121118648457,-0.18006286420954976,-0.5053507735478326,-0.14245166626976835,-0.03549609848163353,0.019170826077046493,0.4617404502575654,0.028075495561508203,0.2166378734517328,-0.35651440658842903,0.34432475579187277,-0.48245025055590335,0.2800688882941665,0.20049034155809528,-0.02479681687483801,0.2030398592155038,-0.5996556288847027,0.11897441940721945,0.23039971046820917,-0.25526663384045584,-0.07190975919324546,0.18998136273622376,-0.17691496019302344,0.7191104790540117,-0.004725152050361021,-0.07085752053443703
-0.006080834496304073,-0.028755596237023107,0.029555593721165337,0.062266606104836295,-0.15813570476281508,0.05311243141436268,0.10165825894567677,-0.03418627906863983,-0.013823776215048583,0.026465700947628932,-0.059890207067991724,0.120869035363941,-0.10213943169518627,0.08807695313369003,0.006441566386608304,-0.00387436662200878,-0.05818915948642789,-0.03644511725654757,0.08288939755005398,0.01085893493666882,0.008041205137138189,0.01179798819201263,0.04013987222588193,-0.004473956092269188,0.0033690504411112154,0.038074150579654485,0.009015360020249233,-9.044308705531776e-05,-0.056590234819325305,-0.08836705351177433,0.08539852170941319,-0.019320994558704292,-0.0394620505180248,0.052944413091866704,0.037519289746981176,0.5651723902680656,-0.040723604534677944,0.036810837731153574,0.04598132650169265,0.08617607185904234,-0.04226366245758045,0.11876283165470167,-0.005787446857188673,-0.10198528464320379,-0.08254979358574349,-0.043954987777510064,0.05748403787984947,-0.03333864213769813,-0.03587388100603862,0.004269846703013027,0.010476837854463739,-0.029033067970473222,-0.015882955851526562,-0.04451100962569736,-0.014770175277239454,-0.0493005525316259,-0.026430428470657272,0.03075238377440203,-0.010620859310720973,0.06723407537011736,0.021336790313567743,0.006130414631660898,-0.06657825454308273,0.019017075602506026,0.07144669334089211,-0.07842060911822421,-0.04424660639313668,-0.013497594269197322,-0.06524485145720114,0.0706385824456196,-0.07484746454084064,0.10394338040487665,-0.0704102937132136,0.08114847523478662,0.019963914009800965,-0.048166650872191914,-0.023341218038651926,-0.025747637851106158,0.00031267158311355054,0.08661832534258508,0.07306696811528968,0.10930181141259179,0.07186808063625079,-0.03653705022908222,-0.03172723877214787,-0.05858941984466842,-0.046101030731611384,-0.0772656575958089,0.04722747488717792,0.03933502732284762,0.04308325630411525,-0.02923460016965882,-0.03303348261495689,-0.03171857533443385,-0.07103284580787757,-0.03214648464333443,0.06904319546650847,0.01863146211075051,-0.012806512565576167,-0.03564675511125848,-0.02612358298108412,0.029206135486179535,0.02563811770429227,-0.02670596485919557,0.06941140517414197,-0.0036581957307800644,-0.009755022803767138,-0.004870966926373007,-0.00651598078837959,-0.03883208561375816,-0.0765062462297338,-0.07905776527352994,0.022554008294574313,0.04692233521731538,0.046199511890323036,-0.04120223709161305,-0.05909875166977319,-0.07949503590033816,0.07391684869875398,0.05373047769186222,0.04030468536284391,0.0033525650014696014,0.009128790146741513,0.024066476777736698,0.12017343892503296,-0.06328626208517657,0.07415360859267817,0.03750592597305942,0.1186356520689479,0.009391995168349187,-0.04862896716222809,0.10259970541475816,-0.001625728297328967,-0.09383007960943912,-0.0019433032498756943,0.018382745596191734,-0.027637562903449327,-0.03152424867775488,0.004611939512682346,-0.03718561457999867,0.04285496452697469,0.022513050283926327,-0.02937883659934561,-0.047258727503488064,-0.024067712541680077,-0.04067177001743514,0.12540684784848904,0.08676406661384066,-0.04813912486522279,0.005753203810074844,0.03561948141850078,-0.033990332021099724,-0.07920574019758049,0.01325085792510775,-0.029288709768826613,-0.061755961482990215,-0.1368438690810118,0.08353847825174353,0.10277041045611851,0.08009234962650391,0.08897287951703395,-0.06044108926043919,0.005422600154570328,-0.02832043227228575,0.039446605249464646,0.04958745732528908,0.024652729884083926,0.054709958080837486,0.08170239266689457,-0.02820642648421983,-0.06419987830010518,-0.02976478816932296,0.007758271932908413,-0.0443844528989517,-0.008574992930430727,-0.0396288822867263,-0.0736628122529319,-0.011078292640341724,-0.04355911903037589,0.022556976314917942,0.06535937927117126,0.0332678821911169,0.0394711264930565,-0.05827541021959464,0.08393263158154857,-0.06125723468207723,0.05770301566507295,0.042782753288253046,-0.0038706818654218864,0.005876143037542034,-0.03289920180216374,-0.0145754993699292,0.055307149377979814,-0.09745217485438785,-0.01853998652850116,0.009909245554424285,-0.02604100955769393,0.06832643489623771,0.005908712759197032,-0.006172265460547852
-0.19456409859887583,0.06373379964557041,-0.5443257713585107,-0.7949527890333266,1.910176100422733,-0.030951893661538162,-1.4265393533589383,0.7874701755278641,0.14579974355750516,-0.42740153969606937,0.4485762361286565,-1.483367141976357,1.4858325464941167,-1.373927539228183,-0.06907143702857885,-0.15128798312873593,0.8745543268419377,0.5763886405700611,-1.0602786030118345,0.29940851968789023,0.14185279857097013,-0.06704108788200322,-0.27652929451799074,0.09275892859139756,-0.13076309898496877,-0.5996016183196196,-0.2348349118362964,-0.05596679157463237,0.5336010536293941,1.460786888239934,-1.0893072364199805,0.06891307748158113,0.1069178167942137,-0.8733531993946405,-0.27593164216303123,-0.04072360453480545,1.0852503786442775,-0.33616667752098633,-0.29628485857424314,-1.090113940901476,0.7318608322582499,-1.2497612119196335,0.005767630159393057,1.3278352516648435,0.41719757441355787,0.19669392669966645,-0.39830381170510165,0.9458953370439612,0.3524960252383758,-0.40069220945206185,-0.056884547757023875,0.13190378458794838,0.17885402776101367,0.6146632686503128,0.04795248448473027,0.3343673964714107,0.08688804571450731,-0.47525553203208404,0.22928955855072877,-0.9198528059727398,-0.777821199142109,0.10630975610159386,1.1496087572418645,-1.3895208063278437,-0.9741133425549937,1.0019358059472623,-0.3105865661440199,0.41735796604515707,0.9110375380901077,-0.8876843295859015,0.9994836183678953,-1.570528311701849,0.5454240987230101,-1.0756995101189055,-0.30262004361281347,0.7568022747380089,0.028973036068015975,0.01178598047459875,-0.12000842868545844,-1.1671036329622895,-1.4697955085172612,-1.4135541347344187,-1.3050216670420187,-0.07138292826381351,0.2400327939968746,0.7967346273744015,0.6453098592838253,0.9749389976299172,-0.9962144945532242,-0.9138654980777847,-0.4399750895675647,0.6855859514844718,0.3195544765574683,0.6156864583087016,0.6994542494009215,0.7124865191503037,-1.1433177558152843,-0.35288454616458975,-0.01760228840521582,0.20342791219274584,0.13743930632998913,-0.6744715408570291,-0.5614325878727402,0.1257281086177792,-1.082626896610451,-0.13825110320218495,0.07781220747429055,-0.1247861059666234,0.2410216392429822,0.5637057067630278,0.8958398907666857,0.8883520220263148,-0.28541843967906666,-0.6490816456528928,-0.5983890019365634,0.5261138936718932,0.8557915577988362,1.2186702238295186,-1.5697549419597832,-0.6906437959517888,-0.5121911736205974,-0.16501831020782592,-0.13730589839751378,-0.9117663684100384,-1.5977903568999143,1.1653521972023924,-0.7459686506369327,-0.56236881218827,-1.198993541742354,-0.13209646115905121,0.588213720290928,-1.0088615238067953,-0.30409518455058765,0.9618758245143852,-0.15313520373139297,-0.23282399384696653,0.44925098468058655,0.7877891372329962,0.025833277288945,0.46738591249707745,-0.44588931902456,-0.03370353199237069,0.706250688718046,1.0711691909247414,0.0530886418801539,0.6261714640229867,-1.42293224097878,-0.7645380272904342,0.7617215174304476,-0.44246799281850524,-0.524270858536345,-0.47533710994034956,1.1055626887148573,0.10220414635921889,0.30254216915970594,0.9120240428270526,2.1169695022586743,-0.8685615580530618,-1.418718917256025,-1.149985668369302,-1.1779120755497636,0.8851387540398804,0.5206409382013024,0.6243684741787956,-0.5533540320159669,-0.7589251945691687,-0.27936177044871335,-0.5381663122031044,-1.0799039531449077,-0.014762464330248928,0.5935640036853335,0.40075491979288297,-0.4964555315975545,0.7440996120699284,0.9073841415419361,0.35421306280333587,1.0359688835812042,0.33296969312618385,0.1453915711698173,-0.07288353645404128,-0.9743843803257426,-0.042570174621456826,-0.4508402363258329,0.7642596343126781,-0.7245259160798613,1.082085996387531,-0.6047967170416877,-0.464727207465087,0.0594586311339891,-0.4431848549023067,1.2836606132635249,-0.26515359727806137,-0.5107624449573132,0.5802225259457839,0.07990533371802705,-0.37986630919052583,0.33412130480652236,-1.474975045274242,0.06233006141336721,0.0752191532149474
0.12739861234811012,-0.06926486696483254,0.279050491213115,0.45433494932908625,-1.1253408403625746,0.012495873613790193,0.7690753862577069,-0.42249266747394676,-0.06779295788680981,0.27545507965234806,-0.21829401114970104,0.8064145507653723,-0.8930402733921783,0.856012668474235,0.04803429795034768,0.095622612792708,-0.5190777913139865,-0.30736085526255924,0.6257125966672312,-0.1418122027250152,-0.06134833974218164,0.04536549438292646,0.17459631376892315,-0.055639453801074885,0.09532273342554223,0.3594425499084538,0.0918641106717121,0.04568696667178085,-0.2698143380832765,-0.8340615225579284,0.5616955852409588,-0.08603144032201822,-0.07800424718834433,0.5220539345212335,0.12254972514229323,0.0368108377310466,-0.33616667751997875,0.7009077647250879,0.1584919950645653,0.616546776646209,-0.4576878915646713,0.761834367942952,0.02027960381079423,-0.7538376281493727,-0.25568150065738765,-0.09689151517829939,0.2389423359197453,-0.552382338606842,-0.19085576468659685,0.2714774354583162,0.03674616179268871,-0.09644749610722902,-0.13491236479801266,-0.3659886088197739,-0.05298576672416423,-0.2052686469056813,-0.06223604435478544,0.2727088378736086,-0.07079569640411064,0.5492710566992927,0.39728686414878833,-0.07993101944542302,-0.6499172052435952,0.7755300888306381,0.5612958544359745,-0.6026776922090028,0.16423948820352485,-0.26479487343306496,-0.5204279230644694,0.51764201897693,-0.576203050352253,0.9289377415961749,-0.35795027036316696,0.6644791944395464,0.19079631355391768,-0.40474076695633415,-0.02163412651726793,0.0038961241903019855,0.0556644684356749,0.6675659030526474,0.8426381871104324,0.8094207563413782,0.7772789732110951,0.06137550163319972,-0.10718253323554172,-0.4487307329915197,-0.34105125305248607,-0.5510359803764376,0.5959172583162531,0.5371296332905535,0.24196513978476575,-0.4108831236997694,-0.15452720511764134,-0.3740056841621089,-0.3959941473199166,-0.382854116794465,0.6437911543781878,0.16210584251757848,0.028259278768989936,-0.1207217538707473,-0.08350549881552058,0.3594800296461678,0.32299449497611166,-0.1270062808729332,0.6415002468846619,0.06618385609935686,-0.06491479105947343,0.0670971371602886,-0.11603053648123698,-0.2529322807628134,-0.5568404113966003,-0.4688939847220055,0.13656297910794055,0.37914711982148624,0.33472689712187653,-0.34986971287767343,-0.4804665742095902,-0.700939970306176,0.926958567408677,0.39845937774298906,0.2411478464761996,0.09665056423691931,0.07688954370005427,0.49040143116587304,0.9598464308633868,-0.6886805477656088,0.42996854678267327,0.33342368862101845,0.6930306481107948,0.06419019322902014,-0.33857405179722666,0.5336883384570338,0.21117961452977874,-0.5625402646479918,0.08874593771305013,0.10524761351468803,-0.216975404770491,-0.4828231486481652,-0.025341491702052417,-0.24321964807284757,0.28258840456020873,0.014847345504561751,-0.41726489301267056,-0.6211096127895895,-0.005983804915507308,-0.4111178400103233,0.8143846841799647,0.41242640546064396,-0.44677856998175114,0.2168438448072845,0.29191715701547855,0.25115866110756113,-0.6780974571382913,-0.08246098649177265,-0.1749683254139879,-0.5674814705156955,-1.247587422412002,0.47303132470408404,0.834061630153216,0.6659426833033807,0.7208740048650707,-0.48545375007114144,-0.2938344451082786,-0.36111255105531526,0.3183130714714442,0.4435703588777218,0.18296582489025603,0.2899249540481783,0.6380067613009471,-0.00014406337126156906,-0.30584818382323625,-0.21613584699386415,0.29423131386240814,-0.4370077763893645,-0.49483057963900345,-0.24712766118790214,-0.6187975192611771,-0.2194315562581817,-0.07686210676620969,-0.011965570805071823,0.5766229670145412,-0.00018869108975185303,0.27227146357542115,-0.4442719237705551,0.4056564278173884,-0.6164734066919749,0.37491711568460634,0.21387205872327547,-0.05330278262424964,0.2494956954483554,-0.7707566750521361,0.14864370984865855,0.32769071389999876,-0.3371659859325313,-0.051176991739329644,0.19234055953376833,-0.18997770055962088,0.8482338376550591,-0.029412486879506095,-0.11152228364169764
0.0978626587571263,-0.022564589114575366,0.27863271641542603,0.4745883603922879,-1.0785050907584213,-0.017998092133950382,0.7991508153275124,-0.4419643162933144,-0.05909452932516635,0.23599871667491581,-0.24653133836551805,0.7970330646042451,-0.848368754964966,0.8015745285346897,0.031144715382973094,0.07529018398397958,-0.5018616879708131,-0.32235108220017383,0.5852963078879586,-0.14720453056104582,-0.06711761208466135,0.022439890639468163,0.12680663014432442,-0.06133299005355578,0.07035154648352795,0.36831255653339434,0.08845771165806815,0.035116886343858116,-0.26638476903361175,-0.8041718555664787,0.5775904131364349,-0.057862585748374426,-0.06469012445740643,0.532907463615162,0.16798624463716347,0.045981326501318046,-0.29628485857200404,0.15849199506369605,0.7575615349757426,0.6193169665563384,-0.4216669724544594,0.7356934974389875,-0.0006990688247730352,-0.7475949078907324,-0.2545496806138465,-0.100107114069939,0.22367407335259104,-0.48049700316062827,-0.21066667228005295,0.24037717649974077,0.0011373257414690648,-0.057405194145739996,-0.11249672167629923,-0.36974640201810627,-0.035871513809636886,-0.18362365548759407,-0.0790622373351064,0.2836942480706449,-0.10529450918071404,0.5040097204461924,0.4025916214815129,-0.0874198934702984,-0.6639011694578205,0.7608490782310482,0.5070196256678099,-0.5443782864076676,0.16440433959602488,-0.2265159441990791,-0.4819604409884019,0.5073414800632481,-0.5373032145216019,0.8621370062262952,-0.3276654603365321,0.6066567896537155,0.124560864662193,-0.4068751889794758,-0.010896060170761081,-0.0017326081014338354,0.05241809299907523,0.6241552678185409,0.7644340535083958,0.7785275145578876,0.7199974810820494,0.05940204019198022,-0.08908307464333623,-0.41594174395200084,-0.35537976251131725,-0.5503696983402364,0.5940775936051659,0.48028065357131067,0.2777929565769273,-0.40794683119273123,-0.15209318457926224,-0.30931046772309223,-0.38868963190841715,-0.3707572804810207,0.6210617281510256,0.1793806343470665,0.04826547276465795,-0.14384251888045765,-0.08373078389370284,0.340674047243382,0.3132798724630677,-0.035562444040417134,0.6127092891759566,0.06995187741519648,-0.04622875496542864,0.07913529194087614,-0.15132043657485625,-0.29333077972865296,-0.5076662637084852,-0.49665140753064246,0.1312248927179449,0.32297993927636715,0.3281962357048857,-0.3306138548824653,-0.4736072449775068,-0.70404752208635,0.8723731956363615,0.39981409392382855,0.21825805028436823,0.1174590688901962,0.11571203121953491,0.49346413430848896,0.855789684889413,-0.6254190062994224,0.39490240333505344,0.3150446172850827,0.6795451021506381,0.061795373433227455,-0.32015065384526764,0.5570243842699475,0.15577725095356904,-0.550742015302626,0.08207843920624507,0.10607940926843355,-0.24353411956709903,-0.4916621167107122,0.022295508660713934,-0.23626400691379024,0.27582936355919835,0.04066031151120553,-0.40872664847589535,-0.5998341255917323,-0.037385839635756785,-0.38904097088763157,0.7569653137337622,0.43723616556819184,-0.41055712113939774,0.20959086469586388,0.2804042270146185,0.25855359711082676,-0.6057947344469413,-0.0754905792144327,-0.12806122096181827,-0.5035880261516242,-1.1856387557683175,0.48291831405353425,0.7870136223199647,0.6621796146494197,0.6411377912570668,-0.4898709867529,-0.3086418514406459,-0.3256717511130134,0.2793347356789332,0.39639583007705753,0.1569880870240359,0.3106456594348673,0.5687370195832514,-0.004249724691098073,-0.2940249795540301,-0.2381574471556201,0.2505044835864349,-0.4606143201589469,-0.523622030398064,-0.1947996124603413,-0.5878781330485401,-0.15825941212888728,-0.1176416068329285,0.02807552314557362,0.5323620932562927,0.016435364520675327,0.25837749314441993,-0.42682315482584743,0.407127699734036,-0.5871499148586822,0.31935474163178595,0.2614593651370256,-0.04942930790449208,0.27485955782953303,-0.6453179705486615,0.11650367870225047,0.24572913405676478,-0.3132291012341577,-0.0507840317486011,0.22167920596985577,-0.1901441338792583,0.8063971130633769,-0.04998828024584708,-0.038872506497153465
0.358086538711359,-0.10542054081125855,0.9193601957525566,1.5544390547250926,-3.661348414230012,0.005278969804654669,2.693365683761559,-1.4154057042883768,-0.256740692684659,0.8130450207019712,-0.8135902116786778,2.7677564347055585,-2.904794882765089,2.6905777941613365,0.09303731544762338,0.2562468804997071,-1.7044316378724136,-1.0686923950047478,2.066571939128985,-0.5565819691183918,-0.2249752103104481,0.1563605417457687,0.5512093323733435,-0.21295032297948518,0.3095915423701486,1.1863527099058586,0.3923749205717961,0.11191145184867969,-0.9325438904566283,-2.864691527389403,2.004486786421852,-0.155315762127002,-0.2595450777849963,1.7236206951290598,0.567532067572791,0.08617607185904824,-1.0901139408996787,0.6165467766470477,0.6193169665598833,2.631812074001939,-1.4420321359535688,2.4744004481530704,-0.007114795542235555,-2.5313622191129537,-0.8225141107104839,-0.32319587828370283,0.755634604241724,-1.749164524437079,-0.6473357975956173,0.8293208511696462,0.02241893650297473,-0.30325940945335905,-0.38099410393494215,-1.210955257360502,-0.1020327005835197,-0.6029751356314691,-0.19099493901779685,0.94382096522501,-0.4062545284554024,1.785108785883748,1.4104505565887318,-0.231733946468635,-2.2315087957947224,2.613187178210209,1.765805424704567,-1.9189996744540536,0.5726338154124655,-0.7993581191596796,-1.7187672840552448,1.7503167525134,-1.917114351177881,3.0147544052209994,-1.0008201647472383,2.084778211304118,0.4708930985120492,-1.4054764734812666,-0.08686100565285305,-0.0036901710300511602,0.24150835560250752,2.1904797863323524,2.722047917263698,2.629572248902766,2.4596816262581753,0.21630432966316152,-0.394717157637514,-1.5623429696550892,-1.209175883236846,-1.8887135873631207,1.8891995857378248,1.7105476461922438,0.8804279943773299,-1.34638633607629,-0.5540430854612283,-1.1804222306834191,-1.373685883085282,-1.2830353163058166,2.187537220918091,0.5705520768742031,0.05866174286343766,-0.4818510691107218,-0.27088322169014156,1.2718844796142534,1.1089930131759402,-0.2802107626629894,2.1214406541882074,0.25117520632127716,-0.1428689638497232,0.23252907273904508,-0.4845218940306407,-1.072512178036298,-1.750050192268148,-1.6948306825242008,0.5363155439225469,1.1761198508310078,1.1296069830839353,-1.0754704984775094,-1.6140926773336395,-2.395777322163443,3.00198436706489,1.225789669286911,0.8707366251711464,0.31199901586087664,0.26240707059329976,1.74061199720199,3.1392471689376773,-2.213803335858574,1.421480366139852,1.0545103243736458,2.2645906664452666,0.18851752958550572,-1.0830787292562063,1.9659868462373598,0.577467655165159,-1.8046853303385535,0.37121512074276153,0.4357981081830531,-0.8495080879568758,-1.5874037800244638,-0.020213204531140137,-0.8494073766703965,0.8349371252364921,0.0611746122321665,-1.3536542292057934,-2.055362687365401,-0.17079332223693405,-1.227592066722425,2.7166158644565903,1.4745450867910754,-1.4206014093167612,0.7996641448865467,0.9566294140377732,0.9135433194337812,-2.0803012039037085,-0.20318687486548612,-0.5675178895136438,-1.7416566943747513,-4.0527867520133505,1.5718545728651572,2.653204217452261,2.2159620705369867,2.338310001415346,-1.6537689351847529,-1.0298769492068163,-1.2232979113300324,1.0245022793743914,1.4257523532585616,0.5849491789015273,0.9972547470066274,2.106460646684488,0.016197057400325177,-1.0881009301854834,-0.7514229224706505,0.9533389581855646,-1.4365770125708484,-1.7126503028113138,-0.6998314781418343,-2.0834181526414897,-0.6080981920625559,-0.30853250284026346,0.06350598875021315,1.8609437879772794,0.06029705643308532,0.8550816072733181,-1.499857051133257,1.4307651073876781,-2.032900716838358,1.157803356644206,0.888067791466914,-0.07696283893279725,0.8461667575893739,-2.4330737661899557,0.5209542266964956,0.9986604289202596,-1.1273040769090392,-0.10731078286957244,0.7181019339843036,-0.6402645411086609,2.7744084218669047,-0.09682526221579003,-0.13372666421978516
-0.2165388948792985,0.10206378601142435,-0.6122130984605086,-1.1140872334890926,2.5199842750789005,-0.05005281519158488,-1.8933944074369078,1.0014438590048382,0.18294415264954836,-0.5194360682429153,0.525464963541629,-1.9522404461156289,2.054164269990369,-1.8461077953814269,-0.10401436905073497,-0.16342593369286365,1.1669721995932476,0.7603122957444507,-1.4750363750438964,0.3912911558696017,0.16877258531913814,-0.09766437371794512,-0.3916158069397485,0.10693144280480085,-0.2361964189361981,-0.8297843353146952,-0.2899859418043774,-0.08098981291141684,0.6798646920645051,1.9752839957056285,-1.3814739690659261,0.13925910958822088,0.14962771660015473,-1.1900424777087177,-0.40316317411869973,-0.04226366245707713,0.7318608322540091,-0.4576878915633768,-0.42166697245526374,-1.4420321359477224,1.562511717478778,-1.7336542710417278,-0.02189611216034422,1.751116880839616,0.5614579000538075,0.21213734726896716,-0.543968094400102,1.2157812338801512,0.45000515734883184,-0.6006266907251893,-0.02537880088527797,0.2233724664260735,0.2509463432618845,0.8696424186358458,0.07853911239091446,0.40908763472327053,0.11304237649029719,-0.6825095338584446,0.25723504838444455,-1.2247849472137013,-0.9757766090861922,0.15529591917837987,1.5652262639660302,-1.8518235976987818,-1.2662571625064338,1.3653684645836697,-0.3404796320163564,0.5756552456869937,1.1387997928012557,-1.2503596229480574,1.3383070738294383,-2.083760095484178,0.7217536358832028,-1.4580458446547486,-0.39079183845237125,1.0089962219136206,0.07001419326721536,-0.030825625263633853,-0.1785173183426932,-1.534643303088777,-1.900110326927165,-1.8389393492539294,-1.7050179760962791,-0.1386918749017004,0.3105708763032158,1.1251000659445385,0.8475543077736231,1.3429323632359729,-1.3588481126084082,-1.213550525867374,-0.6066100019006908,0.8783651575077288,0.4012984338211195,0.7738495767819077,0.9338005379199729,0.8866583543493958,-1.5026285945953355,-0.4154548722376687,-0.022670390239998485,0.3018100864409237,0.19371502551496175,-0.868444092765723,-0.7469609011130518,0.1698962272189514,-1.5138108208553032,-0.18606071386712297,0.10788828743363604,-0.16476300585914508,0.3512390504106676,0.7489094912078181,1.227925059523533,1.203155156025653,-0.35664982785642707,-0.8414309414244245,-0.8177078799528571,0.7635779004802811,1.1633778435032642,1.6171533079980274,-2.093474816017922,-0.9110019489414992,-0.6094406529739014,-0.17891959770876922,-0.15738438087099366,-1.218918062539462,-2.162439289701172,1.558877485133022,-1.048547874693247,-0.7410353889655822,-1.5591523252180577,-0.15772453090138505,0.7979703003577137,-1.3405690097116743,-0.4097812703250515,1.304144539900645,-0.2829585858894095,-0.30689912100344113,0.5325647703562365,1.1087317478035923,0.023493803512919305,0.5741518361882169,-0.5914294932544095,-0.07310790526972463,0.943623222528119,1.430709842328692,0.10748081802155725,0.8276570416503861,-1.894019917630051,-1.0163015534355122,0.9816711194651222,-0.541184102158931,-0.674722568575004,-0.6330295451592575,1.4530200402539823,0.13788795043850086,0.41022817769530856,1.2068298931706647,2.865156851741722,-1.1090555965083753,-1.8864626720035051,-1.5956262692486582,-1.6084158895875145,1.1477747519024182,0.6712701155004466,0.8451314861831671,-0.7140268443637954,-1.0299908443295112,-0.395465339251934,-0.6719223031185735,-1.4512006260489063,-0.061091763096009964,0.7806135409800592,0.5492435493565674,-0.6503345428627706,0.971960477845036,1.2211696879195761,0.4889124484019025,1.4294705305063116,0.39911912118642423,0.15081390910683667,-0.009302240293633399,-1.3273755884021712,-0.040791830425419215,-0.6156978045164929,1.0336501092646402,-1.0115783849200712,1.412821898455,-0.8292113820310736,-0.5986120120124659,0.09215331731086278,-0.5891166062958251,1.729576679586893,-0.3466587367817256,-0.7349764070372149,0.8042299008097277,0.11431590096036748,-0.4955945541007285,0.43878987284044557,-1.9211886519065968,0.08419049891054534,0.10644314688662973
0.41857163211589277,-0.19079848134171273,1.1044188360838578,1.8475274221568045,-4.338458573274745,0.03368540257956934,3.1668942460328466,-1.6879394805610834,-0.2919084366907899,0.9198330407433358,-0.9670747309774896,3.280316435874143,-3.3903994253079937,3.2009933939831554,0.15358561066273232,0.32320147187437587,-1.9922030689007064,-1.2991679602213133,2.4920341021846673,-0.6224842504496788,-0.2590262268468971,0.11275906975971683,0.6146866155307137,-0.22715633694791137,0.3074331968781492,1.3641073756649655,0.48726591218999404,0.10461554004033377,-1.1146095901658706,-3.3642154853974997,2.4002031217368134,-0.22684717515934374,-0.29833931303819416,2.0364273622144333,0.6014558404512184,0.11876283165351037,-1.2497612119104906,0.7618343679394961,0.7356934974391877,2.4744004481390722,-1.7336542710387937,3.442614647813716,0.013332500317921048,-3.0126855196932314,-0.9927394620240989,-0.39482809655285095,0.9702093591264167,-2.0946512708799454,-0.7835649377468179,0.9643493519278957,0.0519032959975079,-0.3444019332299505,-0.421255784203723,-1.429188175153035,-0.11399792574350377,-0.7514063457491578,-0.17726267901873483,1.1196788643334297,-0.5008130584172705,2.1426318740741186,1.6912155014098897,-0.2370579680715238,-2.6261099491873674,3.0900028969253768,2.0944253039285488,-2.334835968219913,0.6281564563180503,-0.9632468248624586,-2.016311767987737,2.0601192966971693,-2.2695765855493453,3.545073010477664,-1.2697818620808083,2.490629846149353,0.5871177721686953,-1.6801123410449619,-0.10802678498093321,-0.005384208749892667,0.26491516504112317,2.5727988693069763,3.264481909395704,3.131291176000453,2.9027333847004377,0.2511195741080181,-0.5134725310187369,-1.857064333148668,-1.4149407889085406,-2.2457759049175876,2.2524836047023187,2.040669931267869,1.001277831967802,-1.5610739846644754,-0.6493368793481658,-1.377777275296729,-1.6430950060966456,-1.5144030906816368,2.6244237845604537,0.7162737540944533,0.026284540008800747,-0.5354389181932739,-0.358963014004377,1.5121764434600673,1.268232622617846,-0.31357044556457564,2.501363661829258,0.3163044893275518,-0.16916850295140234,0.23802419835656818,-0.5438112505459501,-1.203796357181933,-2.0519595815325733,-1.9793366975143922,0.5731294519814885,1.478820933364736,1.364718030238663,-1.2640441386558152,-1.9338154708748765,-2.791926579315305,3.5757144104573984,1.485527661476405,1.057622138957408,0.3400387857438544,0.27235596932710127,2.0936535602356683,3.707494361859446,-2.5895898555663,1.726848385823479,1.267977511716022,2.6308588880922206,0.22638003901992557,-1.3254872794284829,2.3378656058826475,0.7247081426498498,-2.1658039076127578,0.4141719661190186,0.5455964101391966,-0.937890584057823,-1.8951276180763488,-0.02165515788111777,-0.9863480330258808,0.9876686430401916,0.05855299256476225,-1.5768913936575226,-2.4681140924647593,-0.249626073856339,-1.4424495608470418,3.1606044963137214,1.693244337911864,-1.6630183721985838,0.9050053868070012,1.1753276312038623,1.0841020711580143,-2.4526673211650643,-0.25353614492766674,-0.680536895010118,-2.0839404211462345,-4.800348289862045,1.879998508105676,3.1603521473379903,2.641242886949744,2.708832714746323,-2.005367437320842,-1.1949000240507506,-1.443496132075958,1.2333860160425019,1.7001485624846666,0.6690792397876492,1.1554804753634276,2.5017201077075817,0.06811792093303502,-1.2890940208857526,-0.904247008019935,1.0895806888742376,-1.6624390286244244,-2.041077496765276,-0.8639384868538006,-2.4105585356742867,-0.6902946284666904,-0.3254129111594434,0.019441983803535984,2.243336599023973,0.05935696764223822,1.0269928292123995,-1.7566015509976756,1.6683004569092335,-2.3812299851535443,1.4114538664315976,1.023758951400746,-0.11380414932523605,0.982425418761515,-2.8936720829661784,0.6225685376702083,1.1819106076169617,-1.2975800176655778,-0.17380887795008385,0.8233419582608821,-0.7461242555000333,3.2650681950000964,-0.10350581205084236,-0.18184629291059845
0.008242532858377189,0.016849905641329464,0.04358408518961786,-0.030414040695937367,-0.04224050205398096,0.007215071145564982,0.034620566140852176,-0.05587501290362252,0.03140765315328909,0.0012910571850267762,-0.010420111466426607,0.011611786178279895,-0.00021629881152976458,0.02807064630862785,-0.01866224392736756,0.022580743195233732,-0.03352462717010313,-0.006654562092156367,0.005413289093045566,0.025577057905730394,0.014255385392874612,-0.016070652366585007,-0.010306444159814267,0.006628612639519483,0.0021255131821404528,0.023081360452242867,0.031451554179040414,0.010380306591422653,-0.009108624713126182,-0.029238594985629838,-0.0048924559807134145,0.01166000355794264,-0.002827745757709482,-0.005438813100418194,0.028992762158517503,-0.005787446856795487,0.005767630156904255,0.020279603812438096,-0.0006990688232215293,-0.007114795537296142,-0.021896112164009086,0.013332500324106433,0.5500976367284658,-0.013237853707586112,-0.014981207645343561,-0.017165330180841768,-0.006730031275057965,0.011408801968330922,0.014916008428964924,-0.010100008639279266,0.01486965871781383,-0.032459304710743174,-9.17519059336399e-05,-0.0043427925669190705,0.011731949058423372,0.010065983033477093,0.0012986647675174473,0.030332383764478964,0.013913625488159071,-0.02412282261116878,-0.02379465282675365,0.017338673174374365,0.006048750768391188,0.008598052601961673,0.02173386830533718,-0.024939974587480467,0.00024197624674755216,0.014580005719049305,-0.03943842727928209,0.03562119824674205,-0.022210699725387556,0.02316444500577777,-0.00754103379163236,0.028611716156892578,-0.011080732120356623,-0.038733265080949514,-0.040394712563322145,-0.01676441916952273,0.013025241230949107,0.02553040517366957,0.06142957860538075,0.005997223719181415,0.04997400480386527,0.0125873694262921,0.012791213259480131,-0.012990294385462568,-0.03343700282467036,-0.020451292305952752,0.02385446119611304,0.04624000275640339,0.047784584820043795,0.00014552841803286605,-0.047174711704212204,-0.007014061381715616,-0.025522620177881324,-0.02634825798276031,0.005831214756268278,-0.027076272672133948,-0.014982160755127849,-0.024747506422990402,-0.028746874419668507,-0.03437914734264675,3.622009671088583e-06,-0.010038277673931806,-0.00290493156186326,-0.017026330906839672,0.001707879586092044,0.016839442743662277,0.02147172709623095,-0.041212090135783,-0.027174885416710013,0.01697780228101673,0.006306224587097836,0.024383468030274164,-0.024917347735615956,-0.033597242803254664,-0.036313205296601966,-0.05253554660168529,0.027246463526550562,0.01633267409239604,-0.01822728362436668,-0.038200893251070754,0.007744266989972418,0.018772291201921042,0.03792575241585685,-0.019296304922361358,-0.00651463160396357,1.0952247237929185e-05,0.0298419524112722,0.04076242941818351,-0.014226923626239696,0.010096353709185529,0.020192536737571494,-0.040290181550240466,-0.0239702335768228,0.035859121211169076,0.011619871557628803,0.00645774843125847,-0.025871742546144955,0.015784093801799827,0.03383088518526077,0.0046338478809093316,-0.031989298733629275,-0.008709083410046487,0.009130957270760635,-0.021596352217327,0.0105503990433169,0.03661741556122677,-0.007214831732133657,0.005483425373639987,0.012146596942148513,0.016703531507363163,-0.013622845523803918,-0.01569449114385557,-0.03495782745124279,-0.03789485346653118,-0.027739568109623903,-0.016467064720564934,0.03890963730510028,0.005426740206773037,0.019898741943454142,-0.020778284684594316,-0.037141708044418874,-0.026837836649391003,-0.0174444078433671,0.031353646395442136,0.0032258352175838427,0.011293896381790505,0.016598984351987162,0.03935538921817779,0.0010823026302227501,-0.01765390350370348,-0.005113101096508357,-0.04383538353016118,0.005091238335038601,-0.02281795130819705,0.009108221475554984,-0.00040575962341483397,-0.040747244988879064,0.02291317534413542,0.0476482524218649,0.01608679034963225,0.0177044507926581,-0.02486608791116133,0.02409829968073696,-0.051397619585521886,0.0017464979893110695,-0.002086313265474424,-0.004538971891952969,0.01743159647928884,-0.01852744459145685,-0.01772127137381125,0.0012390026570537468,0.01816128051533985,0.00987693331872963,-0.0040186662176939,-0.02238543191024869,0.027872574834755293,0.00272898003866911,-0.015134876361118894
-0.4386412955524768,0.1379291287724713,-1.1451579835950252,-1.9279018583696423,4.4699442204042565,-0.010324419408502648,-3.31431105504033,1.7492224208134037,0.28656159327464853,-0.9447894523287181,0.9769863358246224,-3.384062851239343,3.5253441779706103,-3.286539903705056,-0.08245566276303665,-0.2819341440456594,2.061225245962912,1.319325615530526,-2.5276671941670434,0.6341404682118439,0.2719660425043974,-0.1547457453847477,-0.674015977435045,0.2604355631580144,-0.360235727091687,-1.433700788967478,-0.4923126402040288,-0.12858049547239456,1.148131411395979,3.4353315651577874,-2.458750845173706,0.1868120312821958,0.2851734858185657,-2.0622575579984637,-0.612928981638377,-0.10198528464254324,1.3278352516586138,-0.7538376281478538,-0.7475949078928719,-2.5313622191050515,1.751116880841275,-3.012685519701116,-0.013237853701308644,3.6684081774627155,1.023637871904158,0.40650910758457426,-0.9782267424351396,2.1113386934137326,0.7869637542052421,-1.0355083178263762,-0.004655640163858277,0.35342467097554886,0.4219910107578026,1.4504752683223232,0.08913519563538262,0.7507691383057368,0.245059745449182,-1.1577846076941454,0.45485167909590307,-2.1681098201728153,-1.7312689699392776,0.2737707162289931,2.7564422678086355,-3.193036877708218,-2.1642626775934177,2.359387248972348,-0.6736376677942242,0.9670848690467745,2.0762662647952848,-2.135746803371393,2.3395830009440655,-3.694110024233028,1.2764652781854837,-2.559128472885499,-0.6496517388723062,1.7044074298728265,0.14068033334915453,0.0008882545820168408,-0.31303500781177257,-2.696743424636821,-3.3412779867683784,-3.268524118596445,-3.008527192860408,-0.29448419102340295,0.5088284534149201,1.9478575194490677,1.458610376080377,2.358466448022648,-2.343598366385007,-2.1025779812103407,-1.0607771680146065,1.5914903093291533,0.6607017529074324,1.43674745635531,1.6424953339256585,1.5857865427425382,-2.6285671135332467,-0.7120316806008844,-0.03206717054442634,0.5562121188153186,0.3739212579484797,-1.544411035218328,-1.332287628589754,0.31782771523780784,-2.580955722226662,-0.3430441587064791,0.18575656744628466,-0.2713467856194977,0.523818490294426,1.2675760342624847,2.1808078829185673,2.076378169546675,-0.5688523459094442,-1.5303618512818509,-1.3724499096542446,1.3106393537666117,1.9791325396534252,2.8542397109195132,-3.6788511438093563,-1.5691788325112024,-1.0918430261310927,-0.3385472938376429,-0.3169046843076545,-2.166375061321242,-3.735273324729663,2.6794648010424384,-1.827988186561219,-1.2725428897384679,-2.745713809745272,-0.24456260040575095,1.3593364571480002,-2.3841719203640177,-0.7202046075427617,2.2290449347763523,-0.4350540868741636,-0.5266179279319281,0.9487715952848907,1.9191870348970177,0.054691705718865516,1.0078481482547443,-1.046930329762297,-0.04435582392624815,1.597815189837037,2.518326098805906,0.17147267624303447,1.5372869307907615,-3.3071029989509455,-1.7792849836252147,1.7307226568443372,-0.9500212521905949,-1.2104150529910376,-1.1160514439561262,2.5404247659856196,0.2548286970921192,0.691126803247314,2.1152866873170915,4.920449524391752,-1.9331949223170253,-3.27287897342864,-2.691455391903906,-2.788385166735176,2.023787944190651,1.2521147437349005,1.5135760504399904,-1.2345271479144102,-1.7742147084218625,-0.7160926909117236,-1.2137549134837096,-2.5238360756606855,-0.008771770161208402,1.3136182023825982,0.9289571301284605,-1.1823211220596863,1.7078523549406177,2.076799863988013,0.8209677717923737,2.4259185431520374,0.727322381038605,0.33427685888238484,-0.028205216591397936,-2.2439809319100052,-0.0928684263034339,-1.0855011962508712,1.8404128456916848,-1.7266763936912382,2.441732673983758,-1.4411386594713553,-1.0584530228792077,0.07723645233257613,-1.041945914141898,2.952438966407587,-0.6106460190951766,-1.2251553883000605,1.363569529828608,0.1791976019659518,-0.8630505856184356,0.8065025299353841,-3.3790661053601387,0.09273854853864698,0.18571976270786314
-0.12291507249538358,0.06571179247819048,-0.3712772162843059,-0.6452100444838982,1.5166152874260295,-0.016125763093283577,-1.1144889516100724,0.583300386861858,0.10277982115082315,-0.28462849582496846,0.3098881628595497,-1.10410507517787,1.1598968113084183,-1.1000295625125815,-0.053709981826656004,-0.10240118003328204,0.6725345067186902,0.4287851356204823,-0.8630999208877173,0.2117719571728507,0.1419600172868209,-0.07597487039060948,-0.1958137341949885,0.07532627159029485,-0.12381938543443113,-0.49332922436600174,-0.15755841260802184,-0.06011134622099738,0.33920123553828546,1.1240974847609113,-0.8145600320746164,0.07929812868835745,0.11092965064361571,-0.6677336258250723,-0.16253359094764974,-0.08254979358539939,0.4171975744108791,-0.2556815006567007,-0.2545496806146068,-0.8225141107068012,0.5614579000540769,-0.9927394620263726,-0.0149812076428192,1.023637871903313,0.8885859296709311,0.1224907679446396,-0.30729702264698555,0.664083100978842,0.2958756989630783,-0.33650193669043305,-0.023407319725031697,0.16223139091078512,0.1598328284698853,0.49771332070403884,0.027232260290449728,0.250641975365489,0.04178140191593892,-0.39047893345430296,0.15734661296343594,-0.7146439835419415,-0.5806400259449437,0.10599854164420494,0.884143282938424,-1.0665694130862622,-0.7280019241860411,0.7646733815280464,-0.2638352031271987,0.3237029970484874,0.653133018046526,-0.7174701751227528,0.7915720355723039,-1.1947413329516994,0.3912914505919833,-0.8587406868446593,-0.238176187077169,0.5767036449513979,0.030338121874420067,-0.0047619773146665495,-0.079271454774789,-0.8898346165275975,-1.06964569624832,-1.0714914751018163,-1.0071704123611045,-0.06097722962592621,0.13539587492407668,0.6255463034254182,0.5005431430305275,0.757977346591876,-0.7539158477149974,-0.7019103788636221,-0.3395303856722436,0.5224126106643006,0.21307308053957044,0.4586097811548715,0.5754913048892712,0.46889391120679746,-0.8856534532291154,-0.23855224261708616,-0.0010984940396053591,0.1890949649357138,0.1211565908999501,-0.5198195109143161,-0.43989444042644227,0.1090639079577499,-0.8679849104153335,-0.11051180318726544,0.04526397810975524,-0.08664763185513054,0.16847813113532017,0.405087055420765,0.7260908006090263,0.6790065128360773,-0.16645605252795456,-0.49574576217099703,-0.4948478498186372,0.44368972995189615,0.6650390861040213,0.9337725511518968,-1.213832745065741,-0.5149350757018821,-0.3235821782528032,-0.1408868819337269,-0.11422901762540824,-0.6974176017121405,-1.288180735245568,0.865259233992875,-0.5646271835179297,-0.41846231107619786,-0.8717285458534337,-0.09394494159419256,0.4313858673066079,-0.7698464590103214,-0.223396521617886,0.7498228688405434,-0.19122026647262028,-0.1447334189263831,0.3245306058695405,0.5824010991901719,0.03730211363825854,0.35994815439269184,-0.33118308378454026,-0.03147024495736422,0.5018467690458932,0.8310051706769078,0.0999182308982942,0.46816968954969906,-1.0903497778800468,-0.581773682481565,0.5352058196280902,-0.3261368792815458,-0.4212334118618794,-0.41417705053940396,0.8479046800750776,0.05655426926673586,0.22717624858703828,0.6764690496543547,1.5904368562080262,-0.6335676287617007,-1.0384063115644173,-0.9177281477592131,-0.924651738696278,0.6541288292290874,0.41434500680656405,0.4671899146619742,-0.4051342949238088,-0.599897725465054,-0.22613116322972654,-0.40635464601334137,-0.81914188519936,0.03368645599017439,0.4623863766892289,0.31739674669910406,-0.35719126715552557,0.5774705741242182,0.6880398145357528,0.26222680594985576,0.8280928505664404,0.2634965295906732,0.09311200287775448,0.022312943875427017,-0.7140726153210462,0.0017042555713338986,-0.3515455500971563,0.6151427071841554,-0.6018490717976057,0.8211911271592235,-0.46774947412092,-0.36389726814968676,0.0336251182149043,-0.3185962649814526,0.9662060512029387,-0.21419587641024807,-0.36555601351681766,0.41384750066822396,0.06007544721288921,-0.26259458173466527,0.24534794387181133,-1.088937161026115,0.03332763311351607,0.04758096906466376
-0.03512763552530199,0.020811305846852868,-0.17754626402093876,-0.29080229032163635,0.6190062718511951,-0.006158300451224406,-0.4548860842370508,0.253873134775522,0.031305149562280206,-0.12123446678539973,0.15981136416900113,-0.4755861842265421,0.46183730281063956,-0.42427816885125025,-0.019508462820440112,-0.058146824025570275,0.29003169759452724,0.1866084068929792,-0.30763990519860224,0.061592087956850144,0.05808415613930283,-0.015590790375591006,-0.047540899728772575,0.011995829808988006,-0.06923746893301266,-0.20126542582368712,-0.08134586879504613,-0.03160614473713384,0.1520596456316222,0.4821166000449274,-0.26574956811928474,0.016848701413937225,0.05086123786445137,-0.3092505077419094,-0.07813431982038946,-0.04395498777765819,0.19669392669978839,-0.09689151517877581,-0.10010711407096858,-0.32319587828464247,0.2121373472708111,-0.39482809655673157,-0.017165330179944108,0.4065091075873328,0.1224907679460043,0.6038062053526859,-0.11266945914053444,0.30660019307912184,0.14141511116448566,-0.18033510974541275,-0.013812670244368871,0.07617432051997741,0.06006633071334434,0.16968447318655877,0.028931470878655517,0.10039235736885677,0.036954584049745845,-0.1820497353740277,0.0784811033270924,-0.3276008662557984,-0.2452966265695454,0.05688506428167454,0.3976997637053096,-0.40755944118338266,-0.3017008956521602,0.27602239407905516,-0.09610005045198372,0.1359648763198197,0.2609899878516732,-0.29889214981222756,0.3177238379340715,-0.4942349393393196,0.14438430494491408,-0.34826938543363056,-0.0748650673380405,0.19325694902017862,0.02490727061776131,-0.014749441857527452,-0.055414248878409865,-0.3453179558348171,-0.49485087769210895,-0.4328819311544435,-0.36393274095532413,-0.0231473007857973,0.0778285154699454,0.2874441020989113,0.19423606049937583,0.28896832743690737,-0.2957995608800799,-0.25787796538747987,-0.1624020011632126,0.23453432639848712,0.050298969488023426,0.2243831312470444,0.22993004201909628,0.21417727865528596,-0.3809233472614645,-0.07099188636711103,-0.001860990650204751,0.07566480835057089,0.033405719365682665,-0.20385130197311851,-0.1673238670922618,0.06734996195855435,-0.3407750419700674,-0.04959672188768326,0.05307053478597791,-0.04654347157755204,0.05660787285210307,0.17723352448672375,0.24904474361586443,0.27572435663316275,-0.11422671685682673,-0.2156521295830187,-0.18011826542523787,0.18630367971247896,0.2210440382965586,0.39199119946433825,-0.503272366796655,-0.18874773944751683,-0.12449804103681072,-0.04452256466135279,-0.022755964504304504,-0.28635027103480964,-0.4922918301157172,0.35225825026358104,-0.25122571156638057,-0.20030524189944232,-0.37131251499792195,-0.020547544857890034,0.1478241922811601,-0.3253539897876436,-0.09784508514606546,0.30010193591167145,-0.08026771103835906,-0.08890287378623205,0.10911105352910525,0.26066138333295585,0.01634374116778101,0.07952655487802889,-0.12320794784753913,-0.03788052981520973,0.2058105230894712,0.348916352630743,0.06182794163802103,0.209298428781446,-0.46027459301772017,-0.2288506426283933,0.24392044639362498,-0.11958755828701498,-0.11879305534850093,-0.14315083020012417,0.3316981087295176,0.05354452867257734,0.08662550364375199,0.31380059201740185,0.6527776817941741,-0.2704786625520651,-0.4613509470459899,-0.4037788078074355,-0.36683128029583517,0.2842268699443758,0.16305290731847782,0.1868641249412175,-0.16305483888057443,-0.2510856948364757,-0.13095759514628538,-0.18610894756580704,-0.3549374919002432,0.02109998512153843,0.1420879199601675,0.1100508256676771,-0.1523903819192579,0.235054876726049,0.25262436277614664,0.12045599015127294,0.33579525502792285,0.10175434858170915,0.009631900426957864,0.019836395613854228,-0.3338192796308156,0.011288102158935713,-0.13215518991061553,0.25566032930938987,-0.21953937706892518,0.3414310445924984,-0.18651347553759245,-0.13540560187993925,0.019230485894060064,-0.1426812915481555,0.3988107212823101,-0.08673046353325857,-0.197117283755234,0.17712524950918365,0.06107220913733948,-0.09612607128550725,0.08552923333236609,-0.4835457723468008,-0.02894773349405563,0.01542845164859804
0.11454690689953065,-0.055246756525339946,0.33027366399888336,0.5674094776448763,-1.3907065753025563,0.020309516908056883,0.9784367600157732,-0.5455504714356849,-0.11434982829984286,0.3018687680978254,-0.3015502863780439,1.0367107579895374,-1.0898930604244905,0.9645846669317057,0.03725954450379664,0.09448461391206384,-0.6138494172448327,-0.3869680003963242,0.7545477433787259,-0.18213740668772932,-0.07918797928400857,0.009265183139343082,0.19897696262977743,-0.0508992192896973,0.10212497141435063,0.44061631387780664,0.15937793287500396,0.010841416079805412,-0.36198210358558375,-1.0423221113861647,0.7292255225010897,-0.059901050423740686,-0.12694819780863068,0.6451298105685124,0.21648113948404116,0.05748403787993029,-0.3983038117049474,0.23894233592025582,0.223674073353907,0.7556346042428029,-0.5439680944026677,0.9702093591322354,-0.006730031276640451,-0.9782267424390533,-0.30729702264856323,-0.1126694591405401,0.8424546883712788,-0.6767000747018934,-0.23331818383608588,0.2930979520309205,0.005250911337249815,-0.1416053900887483,-0.14522248599174867,-0.45742206661624674,-0.06008107130899541,-0.2305987365312467,-0.057525660872956436,0.36419252571629557,-0.16634717475222835,0.6027936403313907,0.5665342500564589,-0.03914703518448086,-0.8390288724426267,0.9571678425642696,0.5978936043562746,-0.6955104764277991,0.1948136935478286,-0.2936187940751583,-0.6260690202217594,0.666727553065793,-0.7186544265198125,1.1246340957755745,-0.4108184062592891,0.7717663039154944,0.2189908160792572,-0.5210189362613062,-0.06659579331822606,0.036013663069604004,0.1210402961070339,0.8257072157332928,1.0320830307879492,0.9831363807124671,0.8962415532235805,0.09387560934971453,-0.15061569741491057,-0.5621318805770459,-0.47902320173359453,-0.7074859157323461,0.7206473236141209,0.6524779084278608,0.33847911954528204,-0.4987122078689483,-0.18700493217174635,-0.4472718134209243,-0.49398554112377463,-0.4912936390719803,0.7929074454766853,0.2408494895463772,0.050367265235521014,-0.15278343041940384,-0.10551047934306756,0.4532628871230549,0.41955579976390633,-0.06624819061152515,0.8058717832423952,0.1263667752229071,-0.07819221993330948,0.07594641788941314,-0.13152822789820123,-0.37268082368467453,-0.6763868777541576,-0.648047241455459,0.1664067175980934,0.4552988211373675,0.38465861998149037,-0.4296108726542046,-0.6272664994279114,-0.8620882723895495,1.1042279414851806,0.42720267979841997,0.3517698183896727,0.10919108614517262,0.09166338997771996,0.6507923956402711,1.1651009554581573,-0.7758114764806214,0.5304636190540506,0.39398638963399085,0.8104841204882852,0.07332596877051378,-0.4086761448128727,0.6860771032004801,0.23093787806605484,-0.6672968207909178,0.14299557166522417,0.16497039884918305,-0.2731468440572298,-0.5931444470356442,0.055876841690085055,-0.2778698063522142,0.2907850314864763,-0.015901174353424082,-0.42929686129995925,-0.7963556377564905,-0.06940731564487623,-0.4463259374366586,0.9936155967829585,0.5712694866507323,-0.4983611168056733,0.2896690688021213,0.3151856519649959,0.3449536982848438,-0.7941016170898396,-0.08180931560793875,-0.22115726502156785,-0.6229700934478449,-1.5096657330751415,0.6108934613565812,0.981301584055169,0.8036145782995778,0.8516537552572738,-0.637822889302526,-0.3951791292181374,-0.42636207254242525,0.4240070295109406,0.5654019814883812,0.2023621629036793,0.35020763466982924,0.7672943997223992,0.0012814017834028805,-0.3977649973930975,-0.28131363517462515,0.3279113342981274,-0.5474994934037726,-0.6210019269939006,-0.2724317074275676,-0.7466459257746112,-0.2230604238533067,-0.09293134291365587,0.02926844305893114,0.6865918382661683,0.02546439936247088,0.3367001386364489,-0.5700678382847827,0.4984927749450104,-0.7410354134230455,0.4134413388075988,0.3160871616027966,-0.03961500381824131,0.3075618411508447,-0.8817052185796123,0.18151299712454189,0.3618801772147497,-0.44535653404791603,-0.04357962753451048,0.26687900378804497,-0.2471993955090851,1.014662662470987,-0.0670964734753846,-0.09407972173447138
-0.2999810741790697,0.11194857416877113,-0.8004155330878501,-1.3425935793613994,3.0785354600851824,-0.0462508748103384,-2.2852076244689847,1.2055855187087798,0.2097622230272035,-0.6731554174692955,0.6869781431903886,-2.337761033135956,2.442777404746453,-2.271895653345006,-0.11067646112383925,-0.2561804385000954,1.4363242369861702,0.9140233712292112,-1.7248235197085633,0.4882701282065359,0.13057699198339578,-0.12267943929512426,-0.4255823970646987,0.14784550229349555,-0.22775313972536868,-1.0060479270939733,-0.3160848727177336,-0.06732204841190491,0.816893580218939,2.404423001198498,-1.7158102913097617,0.14615042299215839,0.20743532016610797,-1.433124345944124,-0.43004272519540576,-0.03333864213776152,0.9458953370435844,-0.5523823386082098,-0.48049700316412397,-1.749164524439225,1.2157812338865175,-2.094651270893955,0.011408801972511179,2.111338693422813,0.6640831009826884,0.3066001930786728,-0.6767000747019498,2.03008648404584,0.5330983496339455,-0.7159109935858308,-0.012917568451437614,0.270002247441807,0.33054310335948733,1.0053479660276443,0.0641547264100279,0.5332875663096015,0.16067870078888663,-0.7959584758159185,0.3382615882051123,-1.5207741465842222,-1.2106350164523447,0.23239219359260785,1.9110046385547297,-2.197194759961503,-1.4908682795342412,1.6609256929508116,-0.48147328611037754,0.6667339339796399,1.435764566886091,-1.4767701953672328,1.646367058934888,-2.5623941353784687,0.8735023359532148,-1.783188653675505,-0.44123118886460266,1.1696674528443005,0.06248688030877979,-0.006183429422987075,-0.17773730696395518,-1.871695225697761,-2.305753258702183,-2.279250632046204,-2.090494599080848,-0.19091330761037265,0.31976317908591023,1.308435134976418,0.988898144439719,1.6333891776669534,-1.578857353395151,-1.499827006887914,-0.7275991666660577,1.1281687459528658,0.4688682777809805,0.9765286254471899,1.1376348621575154,1.1263030959457188,-1.8549997710314432,-0.4904139418612801,-0.059463436064706665,0.4097984399761298,0.25821722675299885,-1.0733240619034856,-0.9270911262899054,0.23318138125464538,-1.7688869885979335,-0.21870253191879763,0.11862200784412494,-0.16739361743173353,0.37917711250163544,0.8830105991556904,1.507741572521915,1.4642168238408662,-0.4307264750739308,-1.0360114199542658,-0.9400258645604004,0.9005867880502899,1.4071958138562246,1.9563451686294213,-2.5792946250373157,-1.0411752304052204,-0.7552727020590495,-0.26849200939598467,-0.20761993777247223,-1.4893202683309712,-2.6642648699579747,1.8576743769703243,-1.2954908255480906,-0.9083012242634387,-1.9069731087411714,-0.1838652312898607,0.9438752882655935,-1.6340624676953772,-0.4750718428902525,1.556605462469934,-0.3239231947454145,-0.3864025666998276,0.6401955836388791,1.3146525121345238,-0.005409514729073264,0.6909611775955402,-0.747932862678258,-0.04770155891336323,1.1496096946992616,1.7349406480207734,0.1416637280497659,1.0399197776934097,-2.308395767588686,-1.2412418855049643,1.1673637188753636,-0.6639517369955175,-0.806681239822862,-0.7704512226194048,1.7323222374220408,0.13600942128214616,0.47904347835328803,1.4726280724471308,3.396209616916663,-1.3758373579235275,-2.2580579766024904,-1.8867674260263372,-1.9348192346510564,1.4252111008799047,0.8227611106525232,1.0116155369068138,-0.8893110170611778,-1.2378893723453417,-0.511931967723835,-0.8463048290052273,-1.760975654118247,-0.03447006223214612,0.9446452081087477,0.6724123948357703,-0.8082465466593767,1.1980547285311207,1.4313918856588117,0.6237599177893224,1.6968391832652612,0.5507259395388706,0.21674413192641084,-0.03244223540699842,-1.603875449830814,-0.03749490965116435,-0.7291201297153952,1.2794173314953308,-1.1678551117066582,1.713962754982045,-0.952626550423174,-0.7406714216023812,0.06225284765689415,-0.7310104830674193,2.017397286484344,-0.3957808245693471,-0.861188609643992,0.9439678446741722,0.11878620548875529,-0.5890742900218117,0.5241252870206379,-2.3286763704947306,0.05979767276694179,0.14367311010870237
-0.11485487118491801,0.031520620001251554,-0.31731802596689324,-0.5050603159703788,1.1483221520042841,-0.022499085709528587,-0.8217160043176043,0.4237479681928081,0.05254947842155998,-0.235901928488412,0.2212769832065502,-0.854137154486107,0.8974293460259752,-0.8645743684744519,-0.01804589761055491,-0.10988768476921956,0.5014552463427593,0.355837475808416,-0.647471423614347,0.1893568707409305,0.054439571316922744,-0.07091847176705796,-0.15280791039608488,0.05537859487245736,-0.08866189994178793,-0.37482910541477654,-0.13438310461484212,0.00021192032253709858,0.32602827970657744,0.8807204714733569,-0.6473102593686829,0.06285721082659268,0.07483459806705961,-0.50394092952065,-0.14359684227756725,-0.03587388100599774,0.35249602523813367,-0.19085576468703785,-0.210666672281282,-0.6473357975962494,0.45000515735110164,-0.7835649377518313,0.014916008430592098,0.7869637542084256,0.2958756989643111,0.14141511116425903,-0.23331818383618924,0.5330983496338162,0.7252103881034263,-0.2665387720744939,0.019179709091532382,0.0855272643644002,0.1361352765959667,0.3932667673944175,0.0475603032802487,0.20741624697847694,0.033055531103713454,-0.28502554206363095,0.13905321259454534,-0.5622991053521836,-0.46082966579784096,0.06404061148126156,0.6807614495843424,-0.8134743924696093,-0.5563910858642163,0.6189540391776306,-0.1786458333968209,0.2599841058437132,0.46342179778038006,-0.5034976559088349,0.6181891389242282,-0.948434271379823,0.3319860645665161,-0.6752275553147967,-0.15294269396641813,0.44058375341502143,0.040927775366667245,0.0050851711698703984,-0.10393328466475497,-0.7225184637995747,-0.8300374526968942,-0.8436571540370688,-0.7477967046315239,-0.08322486391084082,0.08409967725080038,0.46793986458975706,0.35988231750535044,0.6191890864857333,-0.6005153941850514,-0.5352279001195506,-0.28418689459944885,0.4096150229815147,0.1904880891444032,0.3563572785222502,0.3869511809432453,0.3990035469616058,-0.7086283517290602,-0.1650133385662013,-0.028978438354293607,0.14616738366208995,0.08079659392649177,-0.3728474576178532,-0.3544923743454589,0.07158463876884855,-0.6488011284220664,-0.09260577444817387,0.04927645985501196,-0.04911579085099322,0.15347468210353837,0.3356088493219384,0.5694102506676605,0.5533865450182722,-0.19271811061176444,-0.3679968492465409,-0.3313095508125853,0.34427439913200775,0.5093975617901035,0.7193772227431637,-0.9378432947366799,-0.37497793705500587,-0.2718152654022542,-0.09720469643572033,-0.06896213437864512,-0.5615841078919306,-0.9843766465278039,0.6987439222591426,-0.45607179569541567,-0.3308962563915887,-0.7310961266555783,-0.05516765664665797,0.312000608138626,-0.5788125422491824,-0.20597367408021977,0.5662862601209208,-0.13209913571976095,-0.14048149858650386,0.23763822409420907,0.49470325367024975,0.012372903802599342,0.2722916882697397,-0.2815670054565563,-0.029447982215291154,0.38803715083357493,0.6604662713257416,0.04772060326107288,0.3656001173240331,-0.8507726653104482,-0.46357587774282033,0.44113434134748064,-0.26425684276931694,-0.2960068814390315,-0.2665640477623499,0.6167742155518033,0.07453494897221061,0.15437140007955003,0.5659336895742323,1.2790717043899302,-0.5175663891015208,-0.8247813439207888,-0.7012580877325826,-0.771319217340214,0.5000901800686073,0.26599034799356946,0.39321697218794605,-0.316128952489733,-0.470667248026275,-0.1442826034130843,-0.3425407663606643,-0.6294774409384368,0.013744674249622954,0.3189080810959569,0.26732904685557796,-0.31582972172193213,0.4657085516424699,0.5287212339022203,0.2009717210743874,0.6178543808888818,0.17204237433070843,0.06968475923500037,-0.01511935489548483,-0.5643884393853941,-0.0012076281680525602,-0.26428435639768727,0.48175614790968496,-0.45173440716025537,0.6493609597460297,-0.3660134726912182,-0.2655095679064073,0.043396344582935176,-0.25049565125990425,0.7565451157025401,-0.16531556620525537,-0.3421939924616828,0.3505327623810303,0.07060543883549733,-0.23414868326566826,0.19073075553581892,-0.8509365082670961,0.019238082191822617,0.05529749703344479
0.11748407351668669,-0.06536882167340839,0.38816538139304135,0.6339097486408575,-1.4999358919425625,0.04320326612139015,1.1013624729018285,-0.6125679951001712,-0.09122696369645426,0.3548691644926991,-0.3263887235359199,1.1333589453878141,-1.182420128541242,1.1251638653401528,0.03863206096755805,0.1028183274392705,-0.6840742755100415,-0.44049070976487315,0.8317610450213204,-0.18116776310065286,-0.0790052091358477,0.06903432232903528,0.22879052275225786,-0.08071972681083055,0.12139186716885753,0.4704985216876617,0.1626081943500376,0.045505191011143385,-0.3842053559864241,-1.1292435992510441,0.8497124942544643,-0.07674414407802672,-0.12231537479970228,0.6997901316235849,0.21975484950386162,0.004269846702972181,-0.4006922094508547,0.27147743545842923,0.24037717650110738,0.8293208511687853,-0.6006266907271839,0.9643493519331469,-0.010100008641427655,-1.035508317828842,-0.33650193669174083,-0.18033510974479194,0.29309795203011724,-0.7159109935841982,-0.2665387720739749,0.9237271636732599,0.033085798032353314,-0.13745056321863877,-0.14662492022674678,-0.48984972819369055,-0.04032868289744759,-0.24725418226301787,-0.07191621770280451,0.37702173129550165,-0.17766253411953076,0.7079123921823829,0.5935695505947848,-0.08509505462720085,-0.9140468283073969,1.076647138704354,0.7574762515554538,-0.800197884768429,0.19112550677750376,-0.3288683878825798,-0.7205972513289453,0.7165338595117068,-0.7739820937588384,1.2364600159946497,-0.45468944357375624,0.8252481175367481,0.21191344885571886,-0.5857153641282382,-0.04839257010677261,-0.023439417502690716,0.11598134154436955,0.8620348943629911,1.0921793209707054,1.0920474280732373,1.008210907715831,0.11602278000607699,-0.15276062099109974,-0.5982759150577991,-0.4824250925903385,-0.7870717435000213,0.790357543802162,0.6725662913010373,0.3461972930589817,-0.539381680064834,-0.19451516268861935,-0.46287417956731125,-0.5496401807335831,-0.5024999543801265,0.9046935481550865,0.26648756354115666,0.02726198662084195,-0.17837612417612425,-0.12544775923019333,0.4711015265705678,0.4166204913073658,-0.08518330525158681,0.8557067116550336,0.12349263805213442,-0.07367015095811902,0.1373294224971069,-0.1997811361095882,-0.4267545277096329,-0.7263211371992466,-0.6672631036662731,0.21775470696226498,0.4816786181643685,0.4870912881745619,-0.43082478737966506,-0.6859552045661154,-0.9766988517589377,1.264745401982343,0.5117176318892708,0.3391347307912656,0.12673941949130782,0.08877188775211085,0.7071419265896562,1.2580886306989203,-0.8660336245575747,0.5841166008816159,0.42222075796665803,0.9333035961380556,0.10154168730717435,-0.4608442341416708,0.8052142720785218,0.22878304552678924,-0.7458504520875741,0.13665948334626105,0.16284971485776775,-0.3357311779763223,-0.7022149346391545,-0.06206178248641936,-0.34518730134567865,0.3520110170278004,0.01044500618054215,-0.5332586969987843,-0.8654608386551597,-0.11577572073951872,-0.5222374586128152,1.03814403611502,0.569539341902254,-0.5745660941653714,0.31048126313860425,0.39086194971717675,0.3546693019101753,-0.8376136507556281,-0.06738506907025518,-0.2598178600887021,-0.7216993548154396,-1.640219244156065,0.6209734223114897,1.0837942343482192,0.8596791973412764,0.8965358407854986,-0.6549301765585459,-0.41506173683738223,-0.5298589176078595,0.44540091978062285,0.593195629629233,0.2186069568166106,0.3901127711796275,0.8544977257733389,-0.001361767552392615,-0.4408996442636728,-0.3435801844957265,0.43218892696734224,-0.5623753832848322,-0.7049472182564873,-0.28400874843498525,-0.8038931656444339,-0.21073825643372882,-0.11976228213913634,0.03338273123911867,0.7416475480791099,-0.004738228151585679,0.40530951122130554,-0.6038689513790028,0.5952816363982751,-0.8092477921648678,0.48039385310093957,0.36590446901185414,-0.010475637972303376,0.3841948542404653,-0.9673237675110743,0.1977991554213136,0.3723958518796029,-0.4727363960751413,-0.06929135805616483,0.2848820751620418,-0.268374987466018,1.1120130985078887,-0.027924066096428262,-0.06711053487025619
0.007743298517905573,0.01307216345995348,0.020459255032793586,1.8289311132341354e-05,-0.024433149417353903,0.000559175234699227,0.04969255460163479,-0.031489952786423456,-0.013786031390365383,-0.017567056896960056,0.0008995570305820224,0.06186088311937039,-0.07417066668335458,0.012793521515689639,-0.055148706077353254,-0.005980422490096897,-0.010537949010650255,-0.00570643241043044,0.009804185771706537,-0.01099755723111044,-0.028554923725001964,0.022907667907739182,-0.005467930343173406,0.0034313734322661458,-0.03149047683485671,0.03341498622906689,0.05094868130757437,0.012418644829447269,-0.01353150532027945,-0.05896991960118179,0.03053094252652206,0.010538966209388956,0.020067243338700563,0.03563809219664416,0.02846898794887209,0.010476837854657249,-0.05688454775860721,0.03674616179360427,0.001137325742153388,0.022418936506008666,-0.02537880088725806,0.05190329600059427,0.014869658717920663,-0.00465564016734547,-0.02340731972619753,-0.013812670244991518,0.005250911338442101,-0.012917568453951134,0.019179709090618353,0.03308579803367929,0.5328782793317325,-0.03384113391898554,0.003907256687676001,-0.07634429421727595,-0.0058624296573969595,0.0006687222531943889,0.014270208124165136,-0.03414943222071889,-0.010797902962733103,0.019707151080200446,0.018449818466518834,-0.001007454653141756,-0.03271681145732699,0.007960969235756921,0.029627776898138357,-0.009149384178820536,-0.011081305875815784,-0.037235673878061704,-0.006120056917218387,0.047516760391311204,-0.06472929177423381,0.07186270189171012,-0.018741110907324072,0.03249274110700943,-0.029495541030531373,-0.0056131993618752625,-0.03188496733288166,0.015266331807374002,0.0008888990034271202,0.049317967298450935,0.040064197887295434,0.04033243822628046,0.005472667257276827,0.0024835489500095024,-0.011245694192639759,-0.038504536481386166,-0.045216066558172174,-0.03991774031117706,0.03965055632525798,0.008009480763568659,-0.020776395676825994,-0.06710551487553927,0.004550454347847986,-0.04245937573797876,-0.034710331695482724,-0.012982620573200548,0.02628195445563036,0.0037476402528553734,-0.011400142590109394,-0.025683783638594426,-0.051153865930768774,0.04636764955356882,0.008423931187224325,0.007263606236173026,0.01087431500533961,0.013157418413122174,-0.01730593670743001,-0.020956333816955847,-0.015517950406115822,0.0029555429739236676,-0.02667255688248662,-0.028453897851219413,0.001125720142984538,0.016879909547301376,0.042732842425096076,-0.03614166673560005,-0.02076900601788733,-0.04623707291304719,0.027899242920524894,0.05170789174856637,0.045624446916711,0.013808640447552966,-0.01777948789225487,0.02136559788031097,0.04135937620921268,-0.05569242212570339,0.015442964426341115,0.015141946643881701,0.012682230964723078,-0.01372436583489191,-0.010663331915207437,0.012209362296891624,-0.015083769260144817,-0.02358990180101545,0.015967378606244434,-0.02290770841412537,-0.00014361042252383267,-0.007190638093409961,-0.007887663364906546,-0.053374580085174345,0.0032946850449923383,0.014949976899383191,-0.0024383319866215316,-0.005177112170497232,-0.0025117732601754312,-0.0011355032125457771,0.04265459523843452,0.047973963855147427,-0.04925851388566551,0.020749663376253658,0.02520961328530096,0.03003317134908758,-0.03116533092223073,-0.014380971334681115,0.01677834864191657,-0.04576228418607373,-0.06708930483861174,0.03630747458663887,0.02518374940221811,-0.00833659759518909,0.04358412869579654,-0.009269657890329467,-0.0016919349565077662,-0.003517341178362073,0.04776601104075449,0.025227174844205343,0.02132657310137944,0.007594613210708232,0.0640567571915407,-0.022319189880362085,-0.022205288349987397,-0.015538464728177158,0.06216384623617308,-0.032584466924756014,-0.0662141524582493,0.011149424862611196,-0.042375211065015135,-0.039354264400335265,-0.02074660862604192,-0.006391026426897526,-0.004799839188183335,0.010665311240877613,0.020567696049230068,0.018353823851936547,0.03638649363129968,-0.039716282319955304,0.03807909022535739,0.024456676521961932,-0.0013288800372820697,0.04478836487404079,-0.000963598553434909,0.009102492274563737,0.06894627628845972,-0.0466697725205314,-0.007425042196653048,-0.00862977164877216,-0.039611873738387836,0.07965249532343045,-0.0003218524983112091,1.0091873027132197e-05
-0.05001024963577665,0.056776979742205455,-0.15499060377865623,-0.2259656303017229,0.46828517102844036,0.016455507109135962,-0.4032923925667313,0.21711089665245314,0.021394252904674022,-0.15774318907307439,0.12604990094465462,-0.41657950996131105,0.41353311520692576,-0.4218511820874244,-0.0017803185761233187,-0.02783594519609728,0.26587931022267913,0.16936285609002052,-0.326076867274241,0.0866364428874846,0.04476861867020534,-0.017155331455460925,-0.07843451813510727,0.03233184954311333,-0.04068262823863052,-0.20280186074138218,-0.06377469472305652,-0.0006915777205775929,0.11839467857662589,0.396251452176761,-0.27712939564329847,0.013590608261196716,0.04213218338425502,-0.24991328916961658,-0.07480586453894095,-0.029033067970726762,0.13190378458974156,-0.0964474961085091,-0.05740519414699257,-0.303259409457363,0.2233724664293073,-0.34440193323572543,-0.03245930471030687,0.3534246709810937,0.16223139091268818,0.07617432052072398,-0.1416053900901827,0.2700022474447119,0.0855272643654169,-0.13745056322048027,-0.0338411339185299,0.5571444969862844,0.06631308547636536,0.20492067344001075,0.0021166202700047517,0.10957448880105504,0.05424191255772054,-0.14594288316423074,0.057717874294773326,-0.26891194012971265,-0.18321889649373466,0.045794147483652126,0.3360216821085526,-0.3855264768687402,-0.25035801682938696,0.2655742121260152,-0.08461009577482763,0.1673673799867037,0.23353408151084804,-0.2871501415114216,0.22370312719070728,-0.44842768554829066,0.165281510604423,-0.2686775180589217,-0.08720779038413291,0.16414824226681837,0.03455202848785431,0.009893666723465876,-0.0064178658863055646,-0.3198131256012506,-0.4244021896930564,-0.3978238851785142,-0.35454120129532835,-0.02579981929743941,0.06196877843436395,0.23318736823375993,0.17494412045109103,0.2811955517469456,-0.2439541411489695,-0.2758572470992577,-0.14319427826735756,0.2078785118133121,0.06466047128029885,0.1660389876272743,0.20421160752354278,0.18360837969870125,-0.3533311090942842,-0.07536135835354238,0.03270705492609232,0.04922190470866412,0.061884584735353285,-0.2280553913940239,-0.131270161234427,0.048183998447423895,-0.3042044804724539,-0.04848680426712408,0.031053955171319488,-0.024912737714819957,0.0615461227340367,0.1054034540076241,0.2510742429096998,0.22647038647407766,-0.050896840796128356,-0.17306555633581436,-0.15534456040771405,0.18030823398300241,0.23394628023372477,0.34363518471138865,-0.4209051119308348,-0.2155960742690934,-0.11826787756579198,-0.025124489362337746,-0.026465026492344418,-0.2772786999680143,-0.4503074446435958,0.32015825016097665,-0.2094559720205151,-0.17326602375878472,-0.31863403919862154,-0.023223613717935767,0.15454715528752533,-0.29562890207155523,-0.07941427972778958,0.2660117226305516,-0.06879144594659367,-0.06736805804833693,0.12404968277438391,0.23467815942240017,0.03082821410773536,0.11476948721469955,-0.14574283269576177,-0.0140605663728341,0.18799761254258662,0.3042736555380991,0.021110219966034058,0.1618608176533961,-0.36312372525028747,-0.19976267633775083,0.1837788231474043,-0.08342306571624523,-0.1601351452998967,-0.1389030997353867,0.29394175573250986,0.051609069703971895,0.04849768553929257,0.25873686480149777,0.5973913812320524,-0.22829408606454663,-0.367772285516104,-0.3033868578998817,-0.3372203144958247,0.2497616432609623,0.18429962653213147,0.17937690976157633,-0.14849376329585093,-0.2091469709476433,-0.09534435143394035,-0.17464258344624684,-0.2937498306520891,-0.017333904972062452,0.15669750458107382,0.05860606846680194,-0.1468172722859372,0.20671107632901442,0.2401528094244571,0.09524582378272384,0.29892156504591477,0.07662830001471417,0.034936622889530686,-0.039019197608109825,-0.2875883077288006,-0.02050343361428478,-0.10080844043606857,0.2645276740035864,-0.19678829385466196,0.26564241451335663,-0.15283103169974244,-0.13129605565183083,-0.020093582718423014,-0.10848669281911827,0.33402029142393314,-0.08850881642434913,-0.13897942035270155,0.1327968748291299,0.02173851669892963,-0.12153098309099866,0.08999250082319628,-0.40412632745714444,-0.002919311228656472,-0.008309422800435846
-0.05404234695261333,0.015277948118794665,-0.19192330994851364,-0.32359891123303614,0.6512512507395508,-0.013871400077102117,-0.4676168852564724,0.2530202713501389,0.030780783149795134,-0.11230127941219722,0.14392460641874896,-0.4769528122451909,0.5323909721659033,-0.4783619904496808,0.024221873435896622,-0.024914283639055002,0.26950106692332493,0.1918097124334809,-0.3648877432173021,0.11147736577821468,0.04655998351229641,-0.03289613516233145,-0.08836447404694223,0.031364365250964865,-0.03368976381730142,-0.21171601825516712,-0.08294447615075398,-0.0448943827039221,0.16613031009888557,0.4510827393275972,-0.35043751837015713,0.02804785131023174,0.03161968477762971,-0.29066094312504154,-0.08159649708219666,-0.015882955851873107,0.17885402776312562,-0.13491236479960153,-0.11249672167798072,-0.38099410393976935,0.250946343265965,-0.42125578421111415,-9.175190531907768e-05,0.42199101076468115,0.15983282847236596,0.06006633071419226,-0.14522248599336351,0.33054310336299936,0.13613527659722277,-0.14662492022898252,0.003907256688280708,0.06631308547624476,0.6023123201993899,0.21308798670540818,0.0019974618796858336,0.08915651639493405,0.008365631396387026,-0.13935822342482151,0.04785108656167421,-0.27605252212831244,-0.22808644375101425,0.034775672233102115,0.3866039773469695,-0.4623757453045021,-0.3105519756049513,0.32486625253352763,-0.06675580565949592,0.1717819230235001,0.2990217712604113,-0.30770415990733624,0.31883965637977235,-0.5438177621825266,0.16237469002113447,-0.3503519109512103,-0.09383772495118542,0.22215272495815339,0.02088248785863054,-0.01632198665042965,-0.0497359706193893,-0.3989312816329657,-0.44950244840496584,-0.48065766557417133,-0.3897362627929827,-0.04660245664827059,0.030310187961514544,0.2787791506904837,0.1886384631311468,0.2860334664880293,-0.3059209786130742,-0.30792298964335507,-0.13865683913469926,0.17793383971991147,0.08487834701035539,0.20534858933400987,0.23321914805888339,0.24146612101349843,-0.34372620251077984,-0.10030780292520074,-0.034985384810789534,0.11407883235616136,0.011282721040627292,-0.19948560889531936,-0.21182169849093727,0.05699537179526257,-0.3835163605916238,-0.031361451105614786,-0.005191709074127311,-0.036262791603244623,0.07611738405172423,0.15537958398318732,0.31987845000434967,0.28551361466593805,-0.05096863578266703,-0.2323750925552563,-0.19265389002088415,0.146782194869416,0.242984993965862,0.3653608168095998,-0.5018202978675861,-0.25408485687836113,-0.1318148387398443,-0.06610578670484481,-0.07882389301752973,-0.28753307689883006,-0.5798497665600263,0.3537307347791346,-0.2854843969926396,-0.19429772524862993,-0.41345102770809916,-0.033672791526192264,0.21498318662327934,-0.3553191881270172,-0.07989260671346002,0.32565103767223114,-0.0460953185070706,-0.10888357999197686,0.1863944666700556,0.26916473458921664,0.013753817832746474,0.14515614137124702,-0.13895067836107064,0.012234970134156363,0.19238744169635846,0.35099224353346997,0.029956357861208146,0.181069829835124,-0.44789503256535335,-0.28860815970207276,0.24592108088925993,-0.1061362552065759,-0.1717234894289702,-0.16299605521232607,0.3169653780883259,0.032675204666587444,0.1291105234947242,0.33336737476797856,0.7144622788962701,-0.2583031671545173,-0.45570379355592927,-0.37916771941630767,-0.38019526974134776,0.3019259771939737,0.19144173244052998,0.19147475974677175,-0.1761893285608741,-0.23647993521196728,-0.08913218989088029,-0.1637097092020072,-0.3707993214299703,-0.038705337560782906,0.17478175972668433,0.12190989031584677,-0.12904012429601694,0.237215655326392,0.32218806819828766,0.11340172139854013,0.34669290948390663,0.05406313651160921,0.07523663588462634,-0.024588869734870684,-0.2996057998241219,0.008573173135798704,-0.14391513009652718,0.27119591213043165,-0.24426740109152054,0.3310285967288301,-0.17169819154874774,-0.13023618965783526,0.0285739565600796,-0.1262863797922045,0.38662313322862907,-0.0886543020518232,-0.18790870171789364,0.20686667525490343,0.0014126667729433967,-0.1041797703188235,0.11625184204901089,-0.4655685963217873,-0.003914937346899697,0.020008177823328165
-0.23455032958344596,0.10186884553228659,-0.5773949297800482,-0.9250051076805568,2.16952436775553,-0.020439188321330667,-1.5699165660154635,0.8869065479491002,0.16162358719373213,-0.4632769984232573,0.45452574089378833,-1.6543423255121341,1.6725584196548444,-1.5977954724854377,-0.06896692356922599,-0.17735251217988401,0.9617909507272022,0.6240764720387156,-1.2158107553424853,0.29695606422869436,0.1227556987296522,-0.07879233069343268,-0.32114293741686034,0.15470292411007236,-0.15431765531840133,-0.682407309358127,-0.201413314490436,-0.09338475056906383,0.5949682967760755,1.6604559215646122,-1.1958288516660223,0.10846651985828372,0.13523297789494085,-1.046639466628827,-0.2961996617011743,-0.044511009625307574,0.6146632686475275,-0.3659886088191373,-0.36974640201897657,-1.2109552573570033,0.8696424186366519,-1.4291881751566216,-0.004342792563899016,1.4504752683224535,0.49771332070414376,0.16968447318535387,-0.4574220666148115,1.0053479660235176,0.3932667673929791,-0.48984972819255895,-0.0763442942157562,0.20492067343767312,0.2130879867024037,1.2658195666549779,0.01828677610773922,0.3399860888867092,0.10022678966603749,-0.5729024430087374,0.20579218066162525,-1.0497968293241895,-0.8260613658621144,0.13532253023328478,1.3560584219555252,-1.4918425587199513,-1.049602218408145,1.1169817576991672,-0.336408448007827,0.49816680450888284,1.0313630700437368,-1.0524500469243274,1.1456734925365302,-1.7975945786290364,0.6388332940691857,-1.2481903517518023,-0.2722649043075343,0.8237774248879237,0.09266381673161356,-0.024095186545210475,-0.1918648300867714,-1.2704152742723107,-1.6165281035626304,-1.5768479996285103,-1.4675831242187507,-0.11955235123778336,0.2160156723491703,0.9170676653863412,0.7169740150945555,1.1456868186583682,-1.1582929030925924,-1.0198151742367765,-0.5036727740048551,0.7771287531497988,0.3276516736534192,0.6857767986647109,0.7628137004755924,0.760404258735219,-1.2632457084884245,-0.3358245884079771,-0.024993973097504514,0.2447105299714752,0.1726860163972214,-0.7686945448254676,-0.6480839942613582,0.19170932017232695,-1.2286766052474387,-0.17774607309211604,0.07525118337651396,-0.1556810293068372,0.30539243557754225,0.5940477421805217,1.0034362747562564,1.0083900665152505,-0.2981628098138465,-0.7096635405407785,-0.6722156388140331,0.6290945641739851,0.9595434092307368,1.369180204578694,-1.786908889301839,-0.748287329418592,-0.5228762328773785,-0.17317779583421858,-0.18450882640852312,-1.0462757065823836,-1.8588294197388089,1.2761301812249566,-0.8673438452823528,-0.6247853107479442,-1.3290348349432548,-0.12875198284484848,0.6174352233030584,-1.098517469122002,-0.3540754024144444,1.0623674918983288,-0.193991900837228,-0.2809190625640225,0.47156138849872603,0.9305104934211345,0.03633179713225647,0.4803821320592693,-0.49351220848192806,-0.038230374287548,0.776539469028381,1.210172535918741,0.10744782194004093,0.7390284492861422,-1.606005563713344,-0.872127315652251,0.8324276939606694,-0.4287514373295257,-0.546128780930539,-0.5216217149002039,1.2175485458660664,0.10423190360365435,0.30263811588831896,1.0351895880125548,2.3451016048483444,-0.9425435409446162,-1.5681389777131234,-1.2857690234674892,-1.3635615463440882,0.9861838801586779,0.5724958998215938,0.7218446040157209,-0.5982321716677544,-0.8389400981551896,-0.3191877611193565,-0.5609573345316706,-1.219160531982386,-0.01551195403125841,0.6397837022449104,0.4603767483560577,-0.5348519472730165,0.8368686731481201,0.9713133249899184,0.4426867914249095,1.229462480688826,0.37186409037122026,0.13592617272134103,0.0139758690955289,-1.1151548702329384,-0.021878331522579918,-0.5100330809974818,0.8417422284383551,-0.8207801240462399,1.1546067822842405,-0.7035552500698252,-0.516574542723106,0.05265190422043582,-0.48938553847929844,1.4425755076129907,-0.32528732636551705,-0.5791641222078199,0.6606740484378446,0.08048014664346756,-0.37700743379998625,0.37032161023225024,-1.612366309642493,0.020268792544338672,0.12980558622456728
-0.029386138442268932,0.015125741496644567,-0.06663982658315858,-0.07589183480446395,0.1591347304745792,-0.04168509200852928,-0.13517993572477316,0.08242814544086405,0.02397695167092603,-0.03903952697899567,0.050885661370775555,-0.11400255254485551,0.10979072219031911,-0.13440115088694599,-0.0073748892149300685,-0.001566887411469856,0.08837028807507498,0.041006112314347566,-0.09640986899305767,0.05063098163492123,0.027462797069219072,-0.005677587586691489,-0.049205788127401374,-0.006642798266348562,-0.029210652923508863,-0.055444329524773274,-0.0754876113516596,-0.011565325204189703,0.023875801477422433,0.16068761485692432,-0.09965662013866357,-0.005960411501186144,-0.012000209175738142,-0.11314803295915046,-0.013167044698345278,-0.014770175277797008,0.04795248448800578,-0.052985766726204704,-0.0358715138114094,-0.10203270059017618,0.07853911239551664,-0.11399792575116847,0.011731949058323348,0.08913519564345432,0.027232260293478694,0.02893147088001715,-0.060081071311218925,0.06415472641536293,0.04756030328214004,-0.040328682900438624,-0.005862429657086943,0.0021166202704369025,0.0019974618804844326,0.01828677611118267,0.5500606626300809,0.027103410726190977,0.006308033529353131,-0.06750897367279449,0.029889661842747182,-0.07445295512427824,-0.0803966741485761,-0.004059021187776994,0.0865349315537238,-0.1369227513261835,-0.0763892782408031,0.10248221108836035,-0.017134324470560656,0.027971137831988332,0.06777627646809874,-0.0712228739076636,0.09273845550485031,-0.10812977842008113,0.03221516342622523,-0.08829541637509418,0.008296094318038901,0.050471426636218064,-0.0003060763283784479,-0.003470036536582099,-0.01392415823846264,-0.09265904557088556,-0.1344195010331282,-0.1321757028313685,-0.1268190584906162,-0.022487230988704053,-0.006743476455391216,0.10934431197990302,0.047336427184589476,0.1049435938729384,-0.05887609262227313,-0.07065998989102379,-0.05163473020734838,0.04716023971174739,0.024556697221103492,0.04955152968696868,0.04314139445525271,0.05973470535232195,-0.0982096576815615,-0.053499751921810584,-0.03327689767232883,0.02691048735652128,0.060701240994012036,-0.056120030616298056,-0.02913866743166223,0.032305410966534796,-0.08461905847694408,0.00021009194558914077,-0.01518779518134162,-0.023292267165514198,-0.013620724909687224,0.06614617409829891,0.0761876969403649,0.09906646677402871,-0.006473225666583175,-0.030965378874806063,-0.05341289835039225,0.038013946861429705,0.08181745519629094,0.11381222818397364,-0.13558859891312966,-0.07528870965056855,-0.03048147352234394,0.0033136381675783616,0.0022495045198746896,-0.07183374568795063,-0.13262809294494982,0.09099880652754339,-0.07060870184781276,-0.07657364523439154,-0.09028619392602209,-0.004624814950948146,0.07054875654445211,-0.09407514551669421,-0.07932359176900854,0.08104126803154388,-0.0376416124249135,-0.016253406074808376,0.02446567739300805,0.08257319297213275,0.02666863597626965,0.043698895823166745,-0.03373695856883456,0.028012641910449106,0.0636505393365715,0.10227504348640015,0.0061828088844599035,0.03557761849007525,-0.1464533770867539,-0.05361143838502348,0.07144229583931436,-0.03428040408378782,-0.05156876837717365,-0.011418736727697512,0.07502116071987291,0.01124989272449205,0.021194934233822318,0.06406954499246945,0.16712688098790945,-0.07471131513681309,-0.10597970574980835,-0.10141265869834298,-0.11856036961022802,0.08341625969735203,0.046767537955230656,0.0538199597027181,-0.020234059110560226,-0.08399512622176974,-0.04686532159552827,-0.07626328853988099,-0.08975581945165596,0.003371367606474857,0.07688397864511647,0.0471958258467665,-0.07447987144179546,0.08825937942464612,0.06567623629561348,0.026253712165891844,0.09833599875234332,0.0268083686333358,0.02806749066273041,-0.019023525301308013,-0.09644030565195538,0.015495967857653111,-0.0354632956641716,0.056274234348824316,-0.06386908763357775,0.11247033679932968,-0.06347247277758708,-0.050780589307739064,0.011793833649648063,-0.08780450114644567,0.1017565593974257,-0.009925642341117013,-0.047155037955678346,0.047509468828481186,0.0585266191881443,-0.040281674432851834,-0.00917141216033903,-0.10781010643162771,0.014892619735399504,0.021752187325054833
-0.10223397045734042,0.06141950987110732,-0.2722615263185028,-0.46792165921963585,1.045213256617925,0.0234539187092456,-0.8050938842186396,0.3862796894037195,0.0460515224371537,-0.2572139507499364,0.2290203797191968,-0.7609105669912072,0.8269907741114056,-0.7892799219602831,-0.02728908396115279,-0.08348892610922878,0.46159669268374914,0.30265972062544605,-0.5956397974972008,0.149999037718898,0.07817743132637918,0.0008413734398244471,-0.15225618309651723,0.049001412098283806,-0.10615170597448492,-0.3441467148480659,-0.11729586741294232,-0.06145361100530023,0.2603103567657523,0.8209148641104597,-0.5777964199503605,0.04854426960137187,0.047761794945637065,-0.48007404489435257,-0.19883566736352482,-0.04930055253184498,0.3343673964725147,-0.20526864690699964,-0.1836236554896159,-0.6029751356347092,0.40908763472743337,-0.7514063457571935,0.010065983035024137,0.7507691383121258,0.2506419753680901,0.10039235736913654,-0.23059873653212964,0.5332875663117453,0.20741624697938763,-0.24725418226469484,0.0006687222541079327,0.10957448880030074,0.08915651639404414,0.33998608888969173,0.027103410724286146,0.7221145560332994,0.07973237523592269,-0.2408520551448896,0.13342006350025418,-0.499535809244981,-0.4308374450016557,0.034315937955165236,0.6714047204558317,-0.7660380010155936,-0.4951247766828124,0.5679562917604473,-0.15895846893779403,0.2123995568909276,0.5407326541192914,-0.5219722610752452,0.5457890875519709,-0.9135480351283731,0.2899916332992548,-0.6394418608664623,-0.13631958124141935,0.4178542599826063,0.032388296881731754,0.008026927009040577,-0.07492487116328791,-0.6090317865154112,-0.8248180259498048,-0.7836560822920782,-0.7341486974792197,-0.0461918292870279,0.10951771353776443,0.4517793412914849,0.36830232082138237,0.5651619174229121,-0.5768776273846545,-0.5225174761064608,-0.2630273462113659,0.4264696631403972,0.17972621492820606,0.3123084649273994,0.3908668347622605,0.3672567998666336,-0.6692080071534431,-0.1817606477771233,0.005495597907501551,0.1426471846205862,0.11034278416422319,-0.364499189749876,-0.313306471753697,0.04421166188092353,-0.6302334548326389,-0.07677073285000678,0.0028322616641509937,-0.025937720906364526,0.17208697590169406,0.29087535718513824,0.5272058674910405,0.48360573829157966,-0.15778014306524143,-0.36099036170181387,-0.3562814612456508,0.3076177643391054,0.5151060438683934,0.6910334800082751,-0.8992682038505598,-0.3613884817527639,-0.24653183882980456,-0.09606022913591977,-0.11580056834924403,-0.5327257172202071,-0.8868468466629987,0.6234590965999871,-0.43735411463052914,-0.29721437244867815,-0.629493261769761,-0.03323635612124114,0.27606360805471714,-0.6037157787296014,-0.16687034424318561,0.5524880343195357,-0.14783433625441833,-0.09158507475643947,0.26782571981078646,0.46567818913775644,-0.0022482493255056232,0.24349110237671467,-0.2587123098805207,-0.04328939901088019,0.3394171890027534,0.583082489623042,0.02516718512607842,0.35732417123563587,-0.7889813630662735,-0.4310092817088214,0.4263676006584774,-0.23538498219792206,-0.33032000512068893,-0.26992732935982394,0.6063851099418044,0.09014287526160987,0.18814464953119903,0.5102874972319809,1.1552698734151652,-0.4665844412883236,-0.7568621179982644,-0.6168837705131277,-0.6552221801528663,0.4776356186970237,0.3117931685959432,0.3666213940405064,-0.3272962751211322,-0.38465781378220304,-0.14817542039018472,-0.29735548204665063,-0.6090281980911423,-0.03443517308036487,0.30187733533182465,0.2200932824749656,-0.26276883223617836,0.4121686009309316,0.5277935091449565,0.20279406052219656,0.592881952126865,0.18486036595743063,0.04368488097824823,0.005191983308661913,-0.528694837564134,-0.022978418646748353,-0.2511533783159032,0.41760272968817963,-0.4172111888025233,0.5793713775788413,-0.33608043909891583,-0.25945791801321644,0.04081501626797959,-0.25150537810827994,0.7421384914132618,-0.14949641110170547,-0.31738050837756426,0.3161070806778601,0.05878071729705529,-0.21911093408791082,0.1825095559541118,-0.8065125555589999,0.018728725490985615,0.018632747982181834
-0.03096106217470499,0.05102445234153623,-0.11475876856775467,-0.1490742105899397,0.338402681178,0.01463358174106669,-0.253878394422108,0.11139290816930832,0.046615432279194666,-0.02265982326224493,0.08295568551680067,-0.23584211369364053,0.2633641904178257,-0.2175209495088556,-0.0012814722682425363,-0.058613896212885125,0.12419444251360663,0.10135521437291316,-0.1689459848311921,0.037964377505405836,-0.0006274492659522528,-0.037520009530342666,-0.020199631589986337,-0.027150306655081027,-0.026951571943208286,-0.07105197997987794,-0.04308131073606811,-0.01512017159692773,0.05420201812485338,0.2718536492674015,-0.17035932396215842,-0.010320725366074509,0.02203964010736845,-0.13821680254376773,-0.06495700271614206,-0.026430428470534287,0.08688804571327545,-0.062236044354215585,-0.07906223733496097,-0.19099493901560705,0.11304237648937568,-0.17726267901776002,0.0012986647679758736,0.2450597454473486,0.041781401915481964,0.03695458404920965,-0.05752566087192907,0.16067870078689347,0.03305553110301632,-0.07191621770196921,0.014270208124463099,0.05424191255702653,0.00836563139548867,0.10022678966525471,0.006308033528452634,0.07973237523499722,0.5380469809176526,-0.06676333870553847,0.018852950639350514,-0.15537045230277938,-0.1519617563899617,0.02419510927147846,0.18384594255940556,-0.27038648913785135,-0.18687396997470931,0.17136090983524563,-0.05171955665521956,0.09923884419339643,0.12015159064386075,-0.14203689098588973,0.16268254101271176,-0.23612041119868732,0.10786341963886001,-0.1631652642681845,-0.045132144546177526,0.1758129438773278,-0.0008961551162566268,-0.0325000071994789,-0.03992331475588359,-0.1740683776179081,-0.2714010650363202,-0.1947538978901308,-0.21555455712544455,-0.02580161805991901,0.05752654130464008,0.12356154134164328,0.10319892254276893,0.163085789520737,-0.1565645241634747,-0.14771003865288992,-0.062286497003989645,0.08979574941085922,0.04802064132929111,0.08618300091264372,0.1296910546748291,0.08934359986689325,-0.17879834845774006,-0.02476543660443477,-0.014974327561615411,0.04556438599894632,0.010957608198191046,-0.10945121496773139,-0.055233480264139406,0.03247832488081837,-0.17210847322160824,-0.057136905236816034,0.028556714140331247,-0.007865698794408441,0.056512002026517696,0.0829057505980375,0.14390261379898245,0.12189087405322023,-0.05613098978427871,-0.0829412286348116,-0.072463021997231,0.06868734328085388,0.12380234931976145,0.16685003747793287,-0.28325648974685047,-0.08205135499968574,-0.07516361189624143,-0.045388629070866916,-0.01565396276706571,-0.16958196741182557,-0.2868896588919974,0.16656338816313265,-0.13089159535307937,-0.07976623071755062,-0.1885361315122023,0.014578804420847295,0.10400918949178736,-0.15734999932147853,-0.06555722756169376,0.1574541243195789,-0.011965048345455946,-0.03204484707687436,0.09306867590104667,0.13866936754604162,0.03450490827797797,0.04336951668589014,-0.07394801335857905,-0.026216987455784452,0.06975023267447399,0.20175493517292595,0.011452942748993599,0.07049017863499214,-0.2500393581389831,-0.13019912271143133,0.08422113485495397,-0.051907455667291214,-0.11363056600356397,-0.08058113505394471,0.21149215161592402,0.0029904589808293506,0.020778564850335895,0.15597583530661116,0.3869555966095028,-0.13113636498456144,-0.25447519132705204,-0.21028720195329476,-0.18525516693917463,0.14655883337999884,0.10001848058903032,0.10663653509261076,-0.12269163841576125,-0.11946662930374996,-0.03243240219855595,-0.10483845621630598,-0.20413563853369887,-0.014628464051756673,0.1025698360430998,0.07003867286461737,-0.10435326459036501,0.11944188988295917,0.10734724107737059,0.09973650273315617,0.164980606726925,0.05094917940124435,0.03585789270321535,-0.018622260162189225,-0.20811422335201687,0.015983005032087955,-0.05708906921652834,0.11384190518533763,-0.11029684838809756,0.19328547359530482,-0.1326983649426486,-0.005950370284941237,0.017720092730813677,-0.11562664340740696,0.1987297264862695,-0.03214503621323491,-0.10291800559048084,0.07475279490401669,-0.008103615023319518,-0.054832505392621786,0.05341898348668364,-0.2458421460694253,0.005433765625610227,0.005226211979893107
0.14936085839505997,-0.07004501786433213,0.4269432625711437,0.72399333466325,-1.6532744620753763,0.03046639238003867,1.2130989674001067,-0.657571488910948,-0.057353064563206185,0.37462416259959486,-0.35886093325916313,1.2238703286830241,-1.307605961385004,1.2235384588932474,0.03526822170679703,0.10935746099748762,-0.7479451062722414,-0.5078271679888761,0.927885842066941,-0.27019985272243785,-0.05460083218569266,0.07012484322874088,0.27943751973181935,-0.10285416622395713,0.18052414931969957,0.48722322038131716,0.1656393572585249,0.031651422587274256,-0.40480589882395096,-1.2717402833605354,0.8753404547605408,-0.10137652113970198,-0.1231818341060938,0.7699341850393215,0.23528735476608656,0.03075238377433118,-0.47525553203072385,0.2727088378736431,0.283694248072052,0.9438209652239389,-0.6825095338604699,1.1196788643387192,0.030332383762162865,-1.1577846076965106,-0.39047893345561746,-0.18204973537334218,0.36419252571540245,-0.7959584758141284,-0.28502554206305447,0.37702173129545474,-0.03414943222209285,-0.14594288316228624,-0.13935822342246817,-0.572902443009759,-0.06750897366967501,-0.24085205514307467,-0.06676333870645715,0.9551616680625806,-0.22438802473998506,0.81243517117849,0.624753135960865,-0.1285389753000999,-0.9441650552584765,1.1671481740341352,0.7834196311181046,-0.8898443671351658,0.25281458588545763,-0.3754665046402652,-0.7440178243134962,0.7811661522688521,-0.8583685201810327,1.3362451077735422,-0.4875389028184289,0.9752492268589765,0.25163079816857714,-0.5801357665143755,-0.05665949902829295,0.007996624177891484,0.13518434555900635,0.9547591744018423,1.2473164984613305,1.2138912954630305,1.0879613369714463,0.12339861498671183,-0.1959342903215021,-0.7077472324061368,-0.5739768710120207,-0.8852718361355043,0.8431164913461595,0.7513318858361862,0.3814975663625188,-0.625397083014758,-0.22143044339729717,-0.5289702408129925,-0.6265165001763461,-0.5689253060612357,0.9889193802419113,0.29614712802305987,0.03891064988765135,-0.20318439186209913,-0.14283811867393004,0.5875986581025545,0.49450221197264027,-0.10393163704135562,0.9597582843843518,0.10975612306996912,-0.03742719167991488,0.098114231172041,-0.2219018998881739,-0.46491058252952816,-0.8274770719947586,-0.7704279478477831,0.21611121456863902,0.5317874925612384,0.5257495894782748,-0.44804986443824235,-0.724550244308691,-1.0679554248356535,1.3255230757875216,0.5583526695409986,0.4006148134863393,0.13251279510755642,0.1192334509079698,0.8216233059866337,1.404962647334084,-0.9923543801078029,0.6374160358210528,0.5209798065161291,1.0149187830513118,0.08379576941336936,-0.5097983752160686,0.8686369930165686,0.2527389240910449,-0.8412612319124743,0.13412225594016972,0.18711474394827537,-0.3728659121558249,-0.6899648218782194,-7.073491978684676e-05,-0.37903082202244526,0.3951063231913024,0.02462335234553484,-0.5920675909816439,-0.9186782478317151,-0.10621674159527672,-0.5295461998260083,1.228800641853218,0.6473952478110494,-0.6327849338287377,0.3513275520347932,0.4808740784435465,0.40127736663657776,-0.954013769019172,-0.07812965693896429,-0.2866853448359564,-0.774007823056642,-1.7927190637071087,0.6970591497047229,1.1903648610904733,0.9941445350823828,1.0264403995970226,-0.7448300871630231,-0.48299576920282583,-0.5440739941607827,0.45326653500557745,0.6459685636478084,0.23941316861992845,0.46463719126202774,0.9181949426188787,0.023581314217140353,-0.48446551913343033,-0.3336469371623253,0.45078724289029953,-0.623207057822919,-0.7892864011065905,-0.32256164188713915,-0.939051794000661,-0.26304980203096473,-0.15414268299531303,0.020997043327018156,0.8561249650879589,0.015280793925703653,0.37897914288351175,-0.6861237438895764,0.5994612154392007,-0.871843074414634,0.5167134683216003,0.36678700177103657,-0.06975806419252682,0.38008465720013584,-1.1236475993840211,0.2037751043010136,0.45669863018381623,-0.5089033005149706,-0.08298665602900882,0.33920520602396537,-0.30407085872615436,1.2330079957153655,-0.034060570017613936,-0.05684773863413628
-0.079210397391141,0.010358577053558924,-0.19448506332979903,-0.2713777643205309,0.6781138173975993,0.0003951391437328744,-0.5167000868387508,0.278073547126938,0.04011962430064874,-0.14131956121680048,0.13267389169753277,-0.5369071224410075,0.5554333519209304,-0.5435395254275555,0.021160846863890692,-0.050950158097349346,0.34087395393032666,0.2004536963531354,-0.4255314865701151,0.07888850835676023,0.030870955594788963,-0.033274528049393653,-0.1211625586008741,0.04268053984823083,-0.06078025933725228,-0.1987669031261019,-0.08028987966107204,0.001940239768666474,0.1928762708561953,0.5503657522095732,-0.36988065316716495,0.023158424726860964,0.06546891326696709,-0.27024144946269674,-0.11188115819835073,-0.010620859310303906,0.22928955854782063,-0.07079569640265122,-0.1052945091799519,-0.40625452845027077,0.257235048381961,-0.5008130584139229,0.013913625489204363,0.4548516790911377,0.15734661296175007,0.07848110332589966,-0.16634717475034677,0.33826158820052493,0.13905321259287912,-0.1776625341173978,-0.010797902962325825,0.057717874293617286,0.04785108656012692,0.20579218065947946,0.0298896618415214,0.13342006349810653,0.018852950639183418,-0.22438802473780342,0.5827065092491505,-0.32652403277925424,-0.21431799403133106,0.0431047497081673,0.3972703412347343,-0.4985656482460744,-0.38591973763644977,0.38536888278389975,-0.1055604648906837,0.10495491604401332,0.3079266370966783,-0.3091128878755734,0.3450425235984558,-0.5697139209980546,0.18792803631601326,-0.4075991083471917,-0.10126968375634854,0.23155305767028272,0.017783427656883205,0.02193842750024586,-0.03908822426595187,-0.4077684969735828,-0.5233760885624719,-0.5174088471355892,-0.4350534330656735,-0.03868513011832728,0.06049243547933687,0.29996221236475584,0.22980133062548516,0.36426307088168786,-0.38396108792854466,-0.2913348020102415,-0.17288120967435328,0.23073332133949565,0.08223256914408614,0.22872879190928683,0.28510968879640053,0.21791722803288982,-0.4365055303071051,-0.15137595894726624,0.008675919388847578,0.0688075907798787,0.041542464760679895,-0.19433205215707008,-0.20261300427903278,0.02985489681124934,-0.3908809821672372,-0.07501873799663855,0.014327209287244024,-0.07040210499913316,0.0736971605948509,0.17064425394496022,0.3373295558761115,0.3455329817520666,-0.08953223799338154,-0.23688497308861847,-0.17226916299623019,0.2019394243983667,0.3186310629792692,0.44299670086482873,-0.6134949963351938,-0.2415736539066733,-0.17240705668508538,-0.05051540077975329,-0.044405413411519365,-0.31536837553956626,-0.5735464722677295,0.42107368107075344,-0.2809625620041011,-0.20468871626209914,-0.4104130564519658,-0.016346953451945177,0.238156902349486,-0.3630112302159363,-0.11016035428480703,0.3344196001831088,-0.05488845530752709,-0.0908620717636466,0.1380277677335197,0.27215394283263344,0.006797172843627684,0.13260350256345857,-0.18096674939087676,-0.033243471960507254,0.24744240520081154,0.37024138607126916,0.022296373441009307,0.27526161362886326,-0.5406457137769008,-0.32872614781868226,0.28017844730041336,-0.16369313936405133,-0.17631846985897703,-0.1755925588745809,0.4102733168251939,0.012486019505857798,0.12631975478376903,0.30825266548040864,0.7519628216564128,-0.29572439540896966,-0.5235156153805558,-0.4120148479495817,-0.47131646981311565,0.31668878764775765,0.1877055568223202,0.20681977248119746,-0.2138643606897583,-0.2797715935258279,-0.13876805098536615,-0.17839872204883167,-0.41724259000129693,-0.012228978152936857,0.2272433632156336,0.15745729934303548,-0.14111838958257267,0.29557667281244576,0.34504088551662304,0.11793409594293752,0.41369341781106855,0.11239878761397143,0.04846117747394991,0.0005773179273732363,-0.3582846724934228,-0.026958307395216867,-0.1480950710774442,0.28635828357027626,-0.3187483439667282,0.3512211130273387,-0.24496610971092322,-0.10256971634018461,0.005090266099340513,-0.1104542276380943,0.5187089509593626,-0.10601377035822218,-0.18145972852502107,0.2326900503573633,0.009402948877138202,-0.1187348378213379,0.11510769214869083,-0.5056498044702019,-0.007753001578196727,0.005169638060875054
0.2866898855757259,-0.11517768702893498,0.7732091772266397,1.3718091803220842,-3.1596855101413017,0.014054390486497294,2.3146831420777683,-1.2323157478311109,-0.1882487624634257,0.6702832317155181,-0.704655970916898,2.3595998483046374,-2.4744253059695493,2.3111616019716896,0.11428087778685637,0.2384760403638192,-1.4126638025918923,-0.9414459833808533,1.7450579344899702,-0.45840916975278545,-0.16975890602245186,0.12804217114422584,0.478314572045413,-0.2214215331071034,0.2472306356332148,1.0086276192480848,0.35575915424439986,0.08540478866009202,-0.8180305769339559,-2.432118567150402,1.7222673305275502,-0.19415251701509975,-0.1976697944017475,1.4452128775484425,0.4620583766646175,0.06723407537001629,-0.9198528059710454,0.5492710566998688,0.504009720448983,1.7851087858834742,-1.2247849472184393,2.1426318740854633,-0.024122822615476228,-2.1681098201790934,-0.7146439835446986,-0.3276008662549197,0.6027936403306499,-1.5207741465821376,-0.5622991053515094,0.7079123921829847,0.019707151077658025,-0.2689119401264457,-0.27605252212436193,-1.0497968293268864,-0.07445295511888243,-0.49953580924200347,-0.15537045230461044,0.8124351711792254,-0.3265240327834605,2.076689072253749,1.2243010012945967,-0.1789449651543034,-1.90078472161902,2.22278426526185,1.4692120690861268,-1.6602027619418673,0.45786136278747236,-0.6757057124705439,-1.428789134730796,1.4801703682019123,-1.623643435213726,2.5667294421610354,-0.9135148617407225,1.7942805912633901,0.4322589726226001,-1.185800629399768,-0.03605750567275712,-0.006976592647675028,0.18581103229546395,1.9042869173181012,2.369240542987812,2.3011555901665446,2.1108688127471105,0.18759584627312897,-0.36420555614075373,-1.3392467904904573,-0.9978924525576279,-1.6381542063778631,1.6013308549958016,1.4478235924028064,0.7558585739056796,-1.1619806771384156,-0.4899576519968837,-1.014651848572431,-1.1780257012676183,-1.105357653645558,1.8679888142005638,0.4385528407565763,0.036202525071251435,-0.3753592955973902,-0.22242526404917612,1.1209946178206627,0.9421921997765562,-0.2345978295145292,1.769479286691243,0.23175173051335346,-0.10019603867183526,0.18844218735717422,-0.3817222892159899,-0.9027840545934365,-1.5164611813251185,-1.4221511867298444,0.40045371116022177,1.0299029613119233,0.9627479301918265,-0.9220936965532625,-1.3815300706552351,-2.034694608941404,2.5633615452560634,1.0910215342250908,0.7902989669575563,0.2774217278658393,0.19530934615192927,1.4931783081107122,2.6461150638166715,-1.84361145264606,1.258276177287736,0.9020069793520744,1.9179025065545403,0.18662604013231654,-0.9352455908346518,1.6719372512897717,0.5113506882079455,-1.6145039012058042,0.3280012599953324,0.3916674180892224,-0.6765613970751261,-1.3593200038941178,-0.03890171724853341,-0.7118181981733976,0.7118362810133727,-0.0032979859448764234,-1.0926824882098536,-1.7886096227076973,-0.15426581102590434,-1.0258981213535878,2.2794220726744014,1.256485786732372,-1.1915973642270934,0.6188681369968835,0.8218764688630885,0.7739198942629633,-1.7599390707899119,-0.18255159043757768,-0.47221163961823,-1.5055903817585352,-3.4286105476481628,1.3519756769154683,2.273055720653659,1.883039586011808,1.9412903474129086,-1.4118541920613341,-0.8304901483140358,-1.053473035872073,0.9019994140579438,1.2030615565526102,0.4673831006707189,0.8255280736271065,1.7882497532028818,0.03068312930458806,-0.9487758215440384,-0.6251039221837074,0.8017209521672324,-1.2046676603688442,-1.4862960449155607,-0.5912919328452259,-1.7658642055019431,-0.49992471598357,-0.23097443157134095,0.017246823768250943,1.599653684469599,0.053899969884701984,0.7427991961889909,-1.2528689630540888,1.2078544637700466,-1.7458750597350754,1.0231404667311992,0.7424637114890833,-0.09170739750867025,0.7505952907538417,-2.074350857069402,0.43359942866452394,0.8485800683822394,-0.9419240631389749,-0.14496100974026482,0.564180403139334,-0.5407418298003576,2.357255155880136,-0.08128638643134814,-0.13086329106891398
0.21886420226445466,-0.08810122925321906,0.6358867055679558,1.0832022768712242,-2.5135208881849955,-0.026303695837786998,1.8407746335030726,-1.0064043582494437,-0.156346169739382,0.5261589928566472,-0.5264245962516437,1.8590916948012703,-1.9814772594858403,1.8418101646871181,0.06567806659588013,0.20061069605610204,-1.1682842521312886,-0.7544621276233422,1.4326657332312258,-0.36190990102651827,-0.13824633862032323,0.08826767303210661,0.3460970624195262,-0.13329840199062604,0.20582994473497415,0.7732086662382737,0.22144494210561178,0.06025037740489267,-0.6114958237758283,-1.9649467835840488,1.3388402278056057,-0.14028159317723546,-0.17863347012656083,1.1559795331073928,0.33960798393391717,0.02133679031298919,-0.7778211991372828,0.3972868641471283,0.40259162148205435,1.410450556581644,-0.9757766090853013,1.6912155014115136,-0.023794652830337756,-1.731268969936153,-0.5806400259442595,-0.24529662656747642,0.566534250053271,-1.2106350164450215,-0.4608296657952258,0.5935695505922333,0.01844981846460407,-0.18321889649027195,-0.22808644374663492,-0.8260613658606801,-0.08039667414384963,-0.4308374449972678,-0.15196175639073936,0.6247531359583137,-0.21431799403361895,1.22430100128882,1.5330720379806257,-0.15317912217753013,-1.5228036247758028,1.783158310630487,1.2545221109293476,-1.323508770101026,0.38908702304975906,-0.5361228908861192,-1.1888974350167012,1.2189166414649433,-1.3079178171717103,2.0692627505458434,-0.7234766829079603,1.416377292294093,0.35956907902399227,-0.9550614385578272,-0.07861397375743463,0.00902547850442787,0.11177932316579119,1.542507348267282,1.8606905264337577,1.7997708326390351,1.654425032525548,0.20510660610376358,-0.25158791731426355,-1.0489993721914326,-0.828716144178798,-1.2838729311089323,1.291544380094998,1.2237984589103688,0.6116077359979588,-0.904102461847189,-0.36789046834256567,-0.8123348647852783,-0.9690782589708956,-0.8981277564866517,1.4891483818381175,0.4034481570232564,0.058244603521843574,-0.2962067535846652,-0.1934552674039095,0.8575842151349427,0.7391623126647555,-0.1919097100406527,1.453443978856984,0.23365722708268355,-0.09174772477814684,0.16452406404718073,-0.3069657201043936,-0.7119520286634297,-1.2155950786025322,-1.187805769947674,0.3647618036603863,0.7906125433477719,0.8047452688882107,-0.7495416442226991,-1.119864693340555,-1.6097177650697643,2.040756477459487,0.8802789427979132,0.5920455280354489,0.22787660928191486,0.18531626521354497,1.1942596900196665,2.133253966217889,-1.4993588183412767,1.0433366232596832,0.736702333479007,1.5446878738265983,0.13059888185965807,-0.7826045812257848,1.3415144859358874,0.3822141918703791,-1.2493907135337046,0.2639786109981169,0.29300610626734047,-0.5302433081935018,-1.0688300094950813,-0.054179283129799964,-0.5475906613524002,0.5993850294221199,0.03368055319123805,-0.9339096075062876,-1.458646495656327,-0.12195490726952692,-0.8283570090375534,1.8089447263197058,1.0056538322803472,-0.9686416328285923,0.4822663713390024,0.6506808804275899,0.647736275272765,-1.437348317031499,-0.11800938293146745,-0.3955099114454898,-1.1835535583216115,-2.7762402124064662,1.0697342004080614,1.8559619879357223,1.521601160384519,1.5715129589639683,-1.1660711798021277,-0.6955934484898204,-0.8371028181280435,0.7235651146313282,0.9641828756065751,0.42363199228669557,0.6676172598291502,1.4621254932754664,0.009799717122327065,-0.7642019790475794,-0.49869822967830935,0.6293155539429475,-1.0172867472484286,-1.1788106474222582,-0.4814359030750366,-1.3864762676100246,-0.39793398563663035,-0.21838864228631605,0.004566835740076859,1.2880084966441145,0.06545705736409219,0.6013577728575723,-1.03212819724515,0.9875094372811795,-1.364208828957264,0.8190611782333785,0.605659159425819,-0.09675425154364714,0.5607481552248869,-1.6772545528811462,0.3667985676167326,0.7034047221905514,-0.7508220576897553,-0.09444620062229882,0.48003241368612204,-0.4438988479289895,1.9176767554096277,-0.04551631497522549,-0.11692661302230319
-0.03955190584737341,-0.013847215744977045,-0.11902413613391515,-0.15192733617454593,0.39516270070651044,0.058084179609614775,-0.2761764871383313,0.14043580816543885,0.011045435892067723,-0.10074039837803261,0.050151482926535366,-0.32271682488082465,0.28179128031526623,-0.2820244973080438,-0.0075362713399704465,-0.009389005810746455,0.16614572426537655,0.11296426812628439,-0.21259762199216276,0.046221340211455554,-0.014639951794098868,-0.010422961399491915,-0.059334801346344265,-0.0015015173668800359,-0.06204018654245242,-0.16076706493638848,-0.027082781200008666,-0.029013183281014564,0.11263650121207974,0.30336046464985794,-0.19372404343044164,0.007801447781526509,0.04728681867342249,-0.17012667903913406,-0.07831933025435085,0.006130414632110973,0.10630975609903619,-0.0799310194439906,-0.08741989346931622,-0.2317339464638309,0.15529591917560157,-0.23705796806745874,0.017338673174970013,0.27377071622396587,0.1059985416422395,0.05688506428064429,-0.03914703518284178,0.2323921935884375,0.06404061147973247,-0.08509505462512007,-0.0010074546529922467,0.04579414748287281,0.03477567223197947,0.13532253023107793,-0.0040590211884544095,0.034315937953369194,0.02419510927112402,-0.12853897529796535,0.043104749707810266,-0.1789449651503275,-0.15317912217486032,0.5833591522429943,0.24368269665458586,-0.25785165791986747,-0.19208190019657945,0.2274551140221449,-0.04108924750115611,0.053546205657477655,0.192209760743279,-0.17737322652185983,0.20004338728492835,-0.2805237325569528,0.13228484178931288,-0.224700748689277,-0.05408304824849769,0.14510567742003957,0.041677888079098835,0.0035317641146014513,-0.05492265223172609,-0.2262231423471245,-0.27825658495181355,-0.26847415374649136,-0.2649545270833074,-0.04280223189501309,0.03318162972269475,0.14516226981035507,0.14048966855650502,0.17390386516535264,-0.19783758322147557,-0.1833743218927853,-0.09601294402310317,0.1335519738946307,0.05927172317301272,0.09049183089494794,0.1707618353773508,0.15387738389883415,-0.20394573433065194,-0.05354936349178649,-0.02920356878133671,0.048884509333446985,0.03902949151330731,-0.14532097319292944,-0.09919186274426034,-0.0016671647263999312,-0.2545856253775165,-0.017998535296192674,-0.0036484390830433828,-0.027083481353221306,0.0301140733284083,0.09564169813181536,0.1673855771265611,0.21004845190697935,-0.06176121537578427,-0.14333975148585437,-0.12505416586083537,0.12294187323075424,0.18503327664683353,0.24137207254325052,-0.3181377214268411,-0.12367754054211337,-0.09000787106000194,-0.009967592064296192,-0.036652808057153624,-0.18903293324874879,-0.3076081320226305,0.23053755344663748,-0.15777061358060582,-0.1413073737851704,-0.2587575362079019,-0.06431232868023345,0.11240261328418107,-0.23493762937922297,-0.11163091677594199,0.1999053364703159,-0.05447840445345031,-0.04530003958496371,0.05622528234520636,0.15898692609500725,-0.012014796822704947,0.09868570960760005,-0.05083589989795413,-0.008070536397555835,0.09952982773990955,0.20774296381800905,-0.005367896861607636,0.11212612473695012,-0.29817285674217886,-0.15048216556875063,0.166267236048085,-0.06416796005986289,-0.09663638222586637,-0.08117706372026878,0.22890735803240797,-0.00020364962422335917,0.016722790925267808,0.20838398989268894,0.39241886235892204,-0.16292676204786682,-0.2744016151541652,-0.23013995907758314,-0.2568571824124613,0.18478180870821068,0.09932177312287413,0.13816231956036612,-0.11827661939278011,-0.13603874273664465,-0.07783293699510005,-0.08821329408857216,-0.2369026168596714,-0.013114733192184636,0.10492427414736875,0.08943736163108913,-0.11303769268149594,0.15664669200917622,0.1642545051673465,0.10251341447200364,0.16746387700917778,0.08075455470840368,0.03903304279601704,0.013294293969735997,-0.18332251873864192,-0.016809203806320547,-0.127976129113305,0.1649167817377676,-0.14351647943926732,0.21087785030048267,-0.1350270045776136,-0.07305644301846798,-0.005949617911252955,-0.09556250340836081,0.25628266436705277,-0.034454750814546464,-0.06453629554502059,0.10294011100948838,0.031018912479856844,-0.04353157247081239,0.03137542597823861,-0.2964203483048632,0.026493304253472263,0.027681980327696087
-0.41187157041233424,0.15993450033849305,-0.9991599476826156,-1.6833529672263003,3.973003029349377,0.01297032287114359,-2.9033579839613766,1.5393501687991,0.2670993465717887,-0.8566017042934073,0.8554240422634249,-2.982998400221381,3.154567099697457,-2.9113143859592077,-0.11879661306793773,-0.2740454535748492,1.8071067911518612,1.1523202800237833,-2.2407818291566577,0.5570951405512887,0.23161828345514385,-0.14567624142977376,-0.585151799639348,0.2087276589268942,-0.3327361051062249,-1.2826169055201513,-0.44693974578609397,-0.12207072679147601,1.0242716122893434,3.0562367098259,-2.1529187174017106,0.226167912106953,0.2662541956874603,-1.8700254860307493,-0.5671992133879863,-0.06657825454243263,1.1496087572359612,-0.6499172052420317,-0.6639011694596034,-2.2315087957869912,1.5652262639670953,-2.626109949193837,0.0060487507740775714,2.7564422678079246,0.8841432829389094,0.3976997637027042,-0.8390288724388897,1.911004638546008,0.6807614495812575,-0.9140468283049185,-0.03271681145416408,0.33602168210345496,0.3866039773406314,1.35605842195505,0.0865349315463724,0.6714047204498679,0.1838459425610255,-0.9441650552560745,0.3972703412389551,-1.9007847216128004,-1.522803624778211,0.24368269665909537,2.9883307202010023,-2.854792863806942,-1.9169148512707221,2.1213806224766563,-0.6030120412242614,0.8496812350591707,1.8268003520755904,-1.892830011874253,2.084616547717187,-3.2788737911077073,1.1304752602202162,-2.310266984684712,-0.5577924101068541,1.5161437812879288,0.10877056557084751,-0.016797731920474155,-0.2415495274594178,-2.391525928873964,-2.942022319451132,-2.881687666194369,-2.693097160818734,-0.23850525864176791,0.4201263034253897,1.6752777485838837,1.2833155199483535,2.0407242539241945,-2.0271090312408684,-1.874599914148619,-0.949659326612964,1.4613556575399649,0.6013259256400778,1.2649143247813048,1.4881721208915037,1.41448567425717,-2.3514821665056056,-0.6261147328616333,-0.09015439279103601,0.4725441794376725,0.32622308048747617,-1.363860809872805,-1.2136338058724454,0.2641881940320139,-2.26163547888954,-0.29766140392484364,0.15040598607626518,-0.20499701440087875,0.4843242583305357,1.1058660424945788,1.897639661115652,1.8472398070476288,-0.5587586544102044,-1.3550279531310625,-1.2283749264565749,1.1204089295776551,1.7770384208595327,2.5360912649159455,-3.2491682056696214,-1.3836819390784805,-0.9670036930416515,-0.3252834198378407,-0.24771757122006416,-1.8946395816716932,-3.4212987110228292,2.3643328076173615,-1.6152924054630977,-1.193920720107018,-2.449555243162411,-0.260404124791207,1.210692858562442,-2.0972718738810037,-0.6731814964099732,1.9875446812859616,-0.38123261557768007,-0.46453281772648775,0.842825335343051,1.708872703984727,0.008413480097095916,0.8973384378751541,-0.9378384575326116,-0.06086128128542791,1.4378135525570213,2.272098524309893,0.18148001120688656,1.31994142312121,-2.9112583653569106,-1.6047113869550849,1.5156898983204843,-0.8665648027918856,-1.0488263937189835,-1.003110655201327,2.2449294199185084,0.1873427914331567,0.6306701478921529,1.8909114418332547,4.343128426815805,-1.7302707678103284,-2.8544164567384813,-2.3605050404636643,-2.478838700624792,1.7527347006388672,1.116845244406995,1.3161397388879994,-1.1316514074904303,-1.4937732002269788,-0.6132478989658362,-1.0656094519250974,-2.232666181876193,-0.01782121811007067,1.1651536852035003,0.7998351729628317,-1.0295613199493656,1.547360540768468,1.8454090458232204,0.7682262357179496,2.207766651228531,0.6303258649000761,0.2759391862058753,-0.025890884830016947,-2.0219258691776507,-0.06308919341345734,-0.9450359891927029,1.6354801024682795,-1.5571830794049228,2.162450092427236,-1.2797791168761314,-0.9061451079876284,0.11168013432514252,-0.8970047360944026,2.6327553914508544,-0.6267501062015347,-1.0994072812481819,1.2056949091447742,0.1785018550833102,-0.7812569191013982,0.691951364804145,-2.9736080359964574,0.0794108643584408,0.13902872794699644
0.47234044858664165,-0.19164961358449548,1.1932691544104845,1.9834787463825192,-4.639032681672187,0.005144234412802397,3.385284739679669,-1.818443514750957,-0.3208490316016875,0.961798464164697,-1.0152431202318168,3.4896013473094554,-3.6247368226632437,3.4126928464431026,0.14675070184229178,0.3416204863804023,-2.117750323270316,-1.367078758578269,2.6084728420584424,-0.6448870138914958,-0.28397132430692984,0.127871050009328,0.7202972015041716,-0.26324294525018893,0.3622085724554888,1.4399661379056747,0.48365604976611964,0.11312622802815786,-1.2077045966469149,-3.570177849391072,2.5555792110222257,-0.2501530435805459,-0.3290608206965952,2.153460135256246,0.6720744686739943,0.019017075601662006,-1.389520806320542,0.7755300888285843,0.760849078232946,2.6131871782002283,-1.8518235976994735,3.090002896931878,0.0085980525953121,-3.19303687770625,-1.0665694130865386,-0.40755944118008036,0.9571678425595357,-2.1971947599507016,-0.8134743924658528,1.07664713870102,0.007960969232199772,-0.3855264768628615,-0.4623757452970787,-1.49184255871915,-0.1369227513175941,-0.766038001008448,-0.2703864891394615,1.1671481740308134,-0.49856564825084226,2.2227842652539866,1.7831583106325612,-0.2578516579250609,-2.8547928638058724,3.835807056576745,2.2732427548091807,-2.4458934441167037,0.7069370913661579,-1.0298465803365888,-2.1146419956945706,2.221646397181599,-2.3689315148150643,3.803314442748777,-1.3481790095126616,2.6753554565119035,0.6676109612957436,-1.735719559454467,-0.13595614535553951,-0.03217790439173124,0.26202410927707986,2.7965094575331766,3.4638458794828426,3.3675661591167705,3.0556797893368124,0.30789606716147,-0.49229364385654006,-1.965436402901317,-1.5187598448679984,-2.368917994182154,2.3999504564494285,2.175729172476591,1.1017638973315431,-1.6740273729128867,-0.7001302685079702,-1.4782129808022528,-1.6925355308105152,-1.6305393531525618,2.7580551191799483,0.719591929317884,0.07840557980585514,-0.5899798244363716,-0.3744887329373725,1.639420444404502,1.3524422551062398,-0.32796692381002146,2.656483352848917,0.333486050702668,-0.18145555870901753,0.2899735651523728,-0.5462652545238081,-1.3413973750150716,-2.2305033509990615,-2.128907571830762,0.6602719747049938,1.542001120569602,1.4489121725247016,-1.3655613917217766,-2.0431243929056486,-2.955839648441677,3.806480648269714,1.5788208594350224,1.0963683714198589,0.3423461308509928,0.29996362459370635,2.220979094902003,3.944351566264402,-2.756991608028083,1.822403901119216,1.362145309874056,2.8477786264884606,0.23390310507681356,-1.3940331426772736,2.4584718199135005,0.7506110353456378,-2.3209951251164243,0.47301802516432334,0.5413543976876856,-1.0178989352940286,-2.007710298103925,-0.0545144832832509,-1.017906549792995,1.0704064345883542,0.08943846589853256,-1.660674479857092,-2.659745738235843,-0.23052185607054165,-1.5296964940673747,3.3802110095402345,1.8447336091262028,-1.7349043904859986,0.9313123229905751,1.2248730785146824,1.1413449320847144,-2.617099502283186,-0.2997821295527891,-0.7093772186315709,-2.2034878064809735,-5.020455705292841,1.9869624743740393,3.366322634851849,2.8042974601202135,2.945445034148059,-2.072080327700145,-1.2972776223620361,-1.548058540322359,1.3186025214661623,1.787890495769366,0.7425394157154712,1.2265423827774307,2.6164632929599465,0.008185070190732228,-1.3656984784037052,-0.9421486756351838,1.1608682164464175,-1.8197493966491416,-2.173332806080439,-0.8756576982698858,-2.564743595470784,-0.7674265898675133,-0.35327080605581834,-0.024015981221944732,2.3349123304989114,0.05336498108446579,1.090144609616957,-1.9034159641060142,1.829176031174444,-2.5136791556343754,1.4890665197914852,1.095788014459352,-0.1397225485019074,1.0739833529872207,-3.0271987761408625,0.6875637494869234,1.2576787840961567,-1.413719024745071,-0.1537292996584718,0.8739298810878736,-0.8015353441752269,3.4778100306951054,-0.1130131098294523,-0.21329198703390592
0.2824634342434521,-0.13621423687611414,0.7862919062488845,1.3632322807728159,-3.1400591041637234,0.026206205534135336,2.3382562970344245,-1.2080063708126632,-0.20417782940201915,0.6800118870960066,-0.7235482106097914,2.3592624108924256,-2.4434218024440657,2.297164300982217,0.06593190365387219,0.22208390019574714,-1.4763423973709073,-0.9681961914561236,1.7744618308867235,-0.45452983214731574,-0.19189110459058262,0.12256291171079974,0.4561505692809401,-0.17371094485077046,0.25762662273878034,1.030552305877581,0.3497608124359445,0.08135124189001708,-0.7906852792906465,-2.445060411265684,1.7446195978802201,-0.1657371269498688,-0.21525134907031238,1.476430057141142,0.42680533161194445,0.07144669334026787,-0.9741133425499416,0.5612958544345292,0.5070196256689932,1.7658054246976695,-1.2662571625067254,2.094425303932671,0.021733868300769676,-2.164262677591834,-0.7280019241859316,-0.30170089564989444,0.597893604353192,-1.4908682795267272,-0.5563910858615925,0.7574762515531017,0.029627776895747276,-0.2503580168254613,-0.3105519755999775,-1.0496022184074603,-0.07638927823509545,-0.4951247766778433,-0.18687396997582165,0.7834196311157746,-0.3859197376395974,1.4692120690806323,1.2545221109306517,-0.19208190020006818,-1.9169148512698055,2.2732427548088237,2.065623738899571,-1.651076883886764,0.5038043335726203,-0.7111734928035641,-1.476595963483161,1.5188131012808601,-1.605445324084593,2.5626364186192396,-0.882360777797399,1.8300153712069318,0.40372148822280407,-1.2051393751887785,-0.08961272518907468,-0.00962182585502364,0.17274626480856609,1.8710397321584586,2.2995059688979005,2.2752509937272634,2.081806188795046,0.2040630479187502,-0.35970391074814145,-1.3288606922247872,-1.0233788667041517,-1.6427214808665231,1.6355208361486926,1.4530930563722753,0.7927971787767768,-1.0990100441664288,-0.5103315879169814,-1.0380036200460705,-1.1870188179842776,-1.1209478567293902,1.829899609971872,0.5200528281549905,0.05064361541080417,-0.39386521050596734,-0.22386149412291656,1.066663968182515,0.9426367201277976,-0.23729021360498395,1.798973352350521,0.24113008503486766,-0.11609685715788,0.19138522442801523,-0.4020001461208597,-0.8600719505511905,-1.534829225697827,-1.4688235011787165,0.40462137844726687,1.0766411580111945,0.9616082663759274,-0.9104560846306392,-1.4020449020648509,-1.9904853957591642,2.5482403808211926,1.0565813335007799,0.7492465010762536,0.232807733960252,0.22411044405808048,1.4831179711640692,2.658766707775052,-1.8651113357813969,1.2385194619066815,0.9233518121809882,1.8994185488621358,0.20632740889700746,-0.9354452856793256,1.6559531921342772,0.5139777333466249,-1.6110198534232811,0.32376028310658145,0.350947242469478,-0.6476570409124566,-1.350161214751649,-0.011155566621180814,-0.6852289552620133,0.7255165546854532,0.05919402756093619,-1.1032584879039602,-1.7833103110174253,-0.16909946510859258,-1.0305923533395152,2.286427545622944,1.2643948406239789,-1.2113369099214797,0.689001762650184,0.8094177382026139,0.785208728097384,-1.7504281800302441,-0.18045298264837747,-0.4831447217153912,-1.515961826984102,-3.442819014352699,1.3513255478540547,2.271358308178403,1.8947676817913575,1.9879609001392156,-1.4475724500602714,-0.8760107837230097,-1.0446975023256324,0.8918555859196022,1.2456328433528507,0.5337446510886598,0.8179444497726222,1.7629957960457385,0.03480198327792035,-0.936104821782647,-0.6413327457761681,0.8428445177705448,-1.2360695599513478,-1.4627513037498427,-0.5976663384991406,-1.7571956004663547,-0.5191184915779998,-0.20295039532084924,0.0126271602426032,1.5784912718804314,0.08041692532120902,0.7308407114537834,-1.267960457559103,1.2431932689651954,-1.6505666597310134,1.0304833517573802,0.721611824378448,-0.10756775342592971,0.6972814597195559,-2.0607830448527586,0.46522378167178796,0.860716891206616,-0.9493134149237492,-0.1636109792373542,0.5927361792779708,-0.5470504868419328,2.345623722338091,-0.023248341676485623,-0.13827117121851318
-0.32030726256234326,0.15125521373923417,-0.8505924089388515,-1.481696342679842,3.4524830763767977,-0.07384956809663587,-2.531169825810712,1.3510927758513909,0.2675824907601072,-0.7414252123745749,0.7328409023706821,-2.5568750149112343,2.7176705421553877,-2.4910402596096626,-0.11890131672324694,-0.27734757789763803,1.6019580069372323,1.0400285492165056,-1.9345159420218554,0.5097978540051799,0.1954647388562237,-0.11178587191851444,-0.5357010897649049,0.15975979679060498,-0.2619974042406402,-1.1049096602039812,-0.3589953225789232,-0.10129186529274019,0.897155210380057,2.6310685673858747,-1.8727677983156428,0.15855406654398937,0.24413453629469437,-1.6268569426399726,-0.4673246694057171,-0.07842060911801516,1.0019358059448458,-0.6026776922093038,-0.5443782864104222,-1.918999674452649,1.3653684645880964,-2.3348359682311077,-0.024939974582726704,2.359387248977891,0.764673381530519,0.2760223940778437,-0.6955104764266619,1.6609256929475729,0.6189540391765549,-0.8001978847685932,-0.009149384176036807,0.26557421212236937,0.32486625252908713,1.116981757701558,0.1024822110824129,0.5679562917568324,0.171360909837099,-0.8898443671354185,0.3853688827883218,-1.660202761940946,-1.3235087701066166,0.2274551140264169,2.121380622482234,-2.445893444123866,-1.6510768838918215,2.3949105148038337,-0.5608086599704362,0.7801682659051464,1.5548396914952507,-1.6500940281952323,1.8057572442358025,-2.814192445993366,0.9964723197202262,-1.952931616457143,-0.5017907227660269,1.3032325198270651,0.08034653814898479,0.028326370461723382,-0.25415070489935615,-2.0425095235832615,-2.5403459976513445,-2.5105954150276193,-2.3244253994992374,-0.2305805950556656,0.3837941428009789,1.4839232089236367,1.115349573864202,1.7557862967865525,-1.7579639616763354,-1.6025893875468185,-0.8446259518798303,1.2165146730546337,0.5074773966218776,1.1132858534793424,1.2656383389049028,1.2005836527013087,-2.0622596024164497,-0.5736944252522259,-0.02674906588318919,0.4274683238244149,0.2727848606976553,-1.204622050322532,-1.057967907110653,0.2802691939303906,-1.986218593953202,-0.24357361004749206,0.13192638809076124,-0.21796147883923173,0.42111506748643673,0.9768545989694519,1.6297808749124532,1.5924517335078712,-0.45277745651465806,-1.1355682832570573,-1.060901441180041,1.0277631028937004,1.5338942610565005,2.204612763606416,-2.857793435648765,-1.1761017318182685,-0.8058810038047856,-0.27516222998516493,-0.23377095802363915,-1.6598632285778252,-2.929063238112557,2.07950592288744,-1.3990833909006786,-1.0143440534302808,-2.1312464708388457,-0.19245726015724623,1.0236584988563053,-1.8146428976149434,-0.5592922502985479,1.7239784675902896,-0.34258086623936357,-0.40556969499008566,0.7615106781772003,1.4955183568213986,0.014695759013604606,0.7678868134672728,-0.7862622545710275,-0.026818110970953754,1.2372846369181965,1.9359560375267248,0.1157824403994139,1.1404837336762892,-2.488287853691861,-1.38867026048908,1.309225453302699,-0.696328800131546,-0.9473359870307763,-0.8925692618975943,1.9634724824479026,0.19302752088293648,0.5265620210730553,1.6382554553018112,3.7644576562700585,-1.4680100615466594,-2.5026439382402925,-2.0485131939699013,-2.1695986829151903,1.5568049291311719,0.9630506513426178,1.1397131761470767,-0.9710831438260368,-1.3386983934413068,-0.5416889916272727,-0.948905400074786,-1.9490921316232057,-0.014770217025990025,0.993916407685746,0.6905770812184071,-0.8745335260159853,1.3570308293029536,1.6204643800580039,0.6265244468595985,1.8852419983512925,0.5209958186915074,0.2448372082391528,-0.021918718655574015,-1.7425054705280232,-0.06320074282741346,-0.8618678035941684,1.4018284962731549,-1.3347979201693554,1.836754951804947,-1.1116477077584344,-0.8137549267973987,0.07473530208080634,-0.7926356315289147,2.264264042756918,-0.5121387656563133,-0.9364549477065225,1.021303993176408,0.16872566849791815,-0.6253470332099733,0.5854889880332526,-2.570154749857166,0.09658514959282427,0.10929968359553778
0.08289733264529892,-0.046600004355790973,0.23990475045573292,0.4548038492448937,-1.0022441784351035,-0.0016475054270973966,0.7044075547930768,-0.3488173287544549,-0.12408701214898649,0.22021666392123007,-0.20572755463122816,0.7699434801771788,-0.771929058662807,0.7284845196836072,0.002550620264381031,0.04722534475873254,-0.4460472744185998,-0.27550365420947615,0.560865558466315,-0.1454288688955605,-0.02852464022921005,0.04446582104496379,0.14410025390406472,-0.06680644690961104,0.07611145232432681,0.3246044381641446,0.1424316114919128,0.0077687822519696415,-0.2946525611803683,-0.76426216595433,0.5555517378244711,-0.038763877961207935,-0.09418333233897065,0.4807251739839657,0.15531338065902103,-0.044246606393409216,-0.31058656614167474,0.16423948820269396,0.16440433959624648,0.5726338154089039,-0.34047963201568465,0.6281564563182488,0.00024197624512462684,-0.6736376677922021,-0.26383520312673714,-0.09610005045089348,0.19481369354621136,-0.481473286106869,-0.17864583339560972,0.19112550677619786,-0.011081305876604712,-0.08461009577330889,-0.06675580565754671,-0.3364084480070565,-0.017134324468424812,-0.15895846893574933,-0.05171955665551299,0.25281458588407113,-0.10556046489161515,0.4578613627845874,0.38908702304942844,-0.04108924750241217,-0.6030120412226571,0.7069370913646261,0.5038043335716912,-0.5608086599676341,0.7238433505639201,-0.24434667834695306,-0.43977034611613947,0.49646856562970426,-0.5046621631838815,0.810254552802388,-0.283838232796649,0.5316059143897851,0.15731223504865116,-0.3440702896743068,-0.02310376984262762,-0.01321304816736516,0.07040948982070688,0.5970532805153471,0.7531277332792509,0.6886938844856935,0.6573696894512813,0.07746226791071499,-0.09802071179837124,-0.45291329299723654,-0.3399722087824178,-0.5283904008087739,0.5139044881878134,0.4559037543075553,0.25278948937352064,-0.3668129968041395,-0.14638124737678973,-0.35333177287706524,-0.40068325964273044,-0.34593312697695433,0.5877971212440647,0.13487390158900597,0.007826637015094784,-0.11518041625626721,-0.085730683364679,0.3309608406675996,0.29801258013294474,-0.05386202158513466,0.5631478056427502,0.04700656480237812,-0.022897840293452067,0.03722287953259925,-0.13873742793680818,-0.2674338217291917,-0.5047144843446707,-0.4289556031462654,0.13848136750461612,0.3484004613878303,0.3168067757776762,-0.28722660550128754,-0.4203322207424572,-0.6477243909003707,0.8012519086220684,0.3507995176681495,0.2574538293855503,0.057482261420447205,0.05926078242885507,0.47195083395006193,0.837801698701749,-0.5947143156568188,0.3605059970837538,0.29672324324981536,0.6405242514505032,0.07456747566875946,-0.25840203142496,0.5134318441561609,0.15677054718449443,-0.5116549022163224,0.10316968571479077,0.11777856814811401,-0.2092403859217662,-0.4744089493863683,-0.0333951574958153,-0.2123583869240126,0.20337966296958246,0.024777535413556432,-0.3359820578994903,-0.5800436991272662,-0.0787635339276061,-0.3447761970391282,0.7115580435919268,0.3878675809092305,-0.3829650366626296,0.20602240630760582,0.2371458842210975,0.28465509660545996,-0.5857387488625991,-0.024797539871855342,-0.16091090999612004,-0.4641159305006288,-1.083261323668621,0.42397677170367293,0.7536354334285679,0.6012228130251266,0.610345454681034,-0.45614047171283373,-0.2616958375060268,-0.2877526647149139,0.24469205653458723,0.3696092609369283,0.13882333756987522,0.2641739004211722,0.5934921562740227,0.07180251249108963,-0.2942609726007135,-0.19934147482311323,0.2564479889598803,-0.3737923301274715,-0.4423731382420722,-0.2261882178770882,-0.5457133857836406,-0.1591651558281778,-0.052825274762077615,-0.018726117312509186,0.5014824588266388,0.004665967090720653,0.23008131887810288,-0.41369333624847227,0.38888309769829904,-0.5484147681609073,0.331111818717049,0.23752116353155955,-0.018206726726287727,0.21777342960297016,-0.6812101286472226,0.13579855359833778,0.2815333521147446,-0.34597960058292815,-0.008446454867936746,0.20967732758480143,-0.18676614003900988,0.7449257916526796,-0.05992590011469058,-0.023435370485102327
-0.13182995590919705,0.014443015365749278,-0.35997215743065786,-0.5649498166082094,1.4445268381515308,0.01611054593912133,-1.0811211119973212,0.5543753029858893,0.09242063215519279,-0.3309128058204815,0.30276700388029876,-1.0817597170153468,1.144800874846391,-1.0427672042724372,-0.06345427098042289,-0.09805635390052811,0.6562347240898087,0.4224943847911475,-0.828011248680135,0.2229213472368799,0.07761626026012612,-0.02601061804620409,-0.1922159822937096,0.0784016865867446,-0.12625925240614372,-0.465884684984474,-0.13802430751068065,-0.015233578745180602,0.3464080726924153,1.0725172576812563,-0.8142674505605306,0.06960539350575967,0.11155976280588946,-0.6702234960396468,-0.1919303959871233,-0.013497594268494735,0.4173579660397194,-0.26479487343040153,-0.22651594419802093,-0.799358119150336,0.5756552456827785,-0.9632468248573429,0.014580005721169222,0.9670848690384881,0.32370299704581557,0.13596487631757562,-0.29361879407128705,0.6667339339710074,0.2599841058404997,-0.328868387878887,-0.03723567387695537,0.1673673799839907,0.17178192302006465,0.49816680450499934,0.02797113782896328,0.2123995568867797,0.09923884419345974,-0.37546650463634546,0.10495491604440992,-0.6757057124625832,-0.5361228908825075,0.053546205658592375,0.8496812350519269,-1.0298465803288162,-0.7111734927982836,0.7801682658969467,-0.24434667834565058,0.8581602980931676,0.6578388170259987,-0.6626906622405099,0.7295371092592312,-1.1348206498170659,0.41072478336982954,-0.8185002392715746,-0.19721083642377524,0.538337804048529,0.017029738254635295,-0.039662728043475905,-0.11060130477458917,-0.8720309674685635,-1.0355926328390643,-1.0225167828277002,-0.9612311869714623,-0.1151654407175996,0.13978894565941724,0.6114194346320755,0.4950317343980185,0.712767142364518,-0.7156948276931089,-0.6452908597596496,-0.3441750407136137,0.5241403891280285,0.21912214066608096,0.4642577134731746,0.5411253573104128,0.49841888122116984,-0.888573879441088,-0.24181597196545793,-0.027289445483684067,0.19214059842930342,0.1022050011368357,-0.4937789466715026,-0.43191593694358904,0.11239851509275176,-0.8271137193773697,-0.06648901625268672,0.051174339039595354,-0.08303505539276335,0.17140547541713885,0.3870138127044099,0.7120595169099269,0.6571768442492665,-0.2102742278145749,-0.4787786254629338,-0.44676271181446514,0.4288162280051343,0.6149871997674207,0.9059445532298384,-1.2275745364717672,-0.5021490196458106,-0.3418558191767597,-0.10005798123269054,-0.10156387774627637,-0.6936714677056344,-1.2133910258857852,0.8968631022986601,-0.5648662129138647,-0.45884466059978457,-0.8614970176357293,-0.0703539442651036,0.4400289695649753,-0.7401628235809932,-0.23315681130072674,0.7385551745511192,-0.15096514238506084,-0.19322538521885463,0.29988134590799764,0.6395937816400843,0.013025390010526251,0.3631926827075288,-0.3281991691310401,0.005887104180968647,0.5087223135575621,0.7838713103808501,0.050851142905233175,0.4522492778638774,-1.0495693162148136,-0.5742587898601317,0.5519124050526085,-0.318476108928164,-0.376830022137007,-0.3632910218388927,0.7983460850546489,0.08698444959234344,0.2152259589741908,0.6627216241977211,1.5417150145278158,-0.5858909605168301,-1.012128494065633,-0.8973859553235813,-0.8435192550948621,0.6371249778593827,0.38291989742307386,0.5091440610557604,-0.39778693753078337,-0.5741071324554671,-0.23673204723692604,-0.38749646960177453,-0.8463061144481515,-0.019614225799224276,0.4210724404504781,0.2927368425125596,-0.36813718344669233,0.5570148115276421,0.6429695112285987,0.3018697302730892,0.8064269579130066,0.2265761941627633,0.11085991182822252,-0.03356339959120376,-0.7144250037090196,-0.05003890542775559,-0.3464955515858057,0.558909743862538,-0.5867800428205386,0.7969450142705756,-0.44542165222757263,-0.31985763706953485,0.05028372264296125,-0.345290871951341,0.9170048571194771,-0.2115673643794666,-0.4040429487171511,0.4663837822670778,0.05163172592250831,-0.29918441616959346,0.24408687332258075,-1.0799527285958161,0.01516808228419722,0.06358321734890507
-0.3009420945254781,0.13348498825843044,-0.7799119750604108,-1.2930625891758092,3.0226203588441516,-0.0342061325783403,-2.231215339550447,1.1930396784033577,0.25557435004061685,-0.6345905587756735,0.6652827446215793,-2.2525926228498223,2.375766175787586,-2.218241827321755,-0.07867646891950826,-0.20225512544300223,1.389654799054932,0.8809991301036217,-1.7046805182159126,0.4239686640551861,0.18638758960136953,-0.11854828539709675,-0.43596495310365924,0.15879741705006034,-0.22188708677852897,-0.959352176115889,-0.3171368865724979,-0.06991053408993367,0.7797876752363797,2.3442101446178927,-1.6530871771780666,0.1419269446941351,0.18508600979500833,-1.3881748188689327,-0.41154325434024563,-0.06524485145681622,0.9110375380861062,-0.5204279230635637,-0.48196044098984336,-1.7187672840502486,1.138799792802443,-2.016311767993177,-0.039438427275183686,2.0762662647955117,0.6531330180471935,0.2609899878499434,-0.6260690202191671,1.435764566880194,0.46342179777830905,-0.7205972513274307,-0.00612005691487609,0.23353408150711202,0.2990217712558029,1.0313630700437773,0.0677762764626745,0.5407326541151729,0.12015159064512188,-0.7440178243120235,0.30792663709988544,-1.4287891347267598,-1.1888974350189079,0.19220976074665622,1.8268003520762823,-2.1146419956961915,-1.4765959634843608,1.554839691491691,-0.43977034611750265,0.6578388170314857,1.9361279405568106,-1.422209130123539,1.5855294250852026,-2.445543279739492,0.875400826262049,-1.7129497638877063,-0.40370653389172867,1.094815123434072,0.059864725825230135,-0.01285579538920113,-0.18697232618513224,-1.8152252281286991,-2.241844932280242,-2.2089468168525612,-2.011269753284291,-0.20307001567772798,0.3152939317479223,1.2586270238713129,1.0115116864111042,1.544461260019527,-1.5587116571096382,-1.3407834787128714,-0.7038058676419725,1.1153491614469637,0.43042594180934735,0.945525136974558,1.1169318665524512,1.0573989250837836,-1.8125388573795076,-0.4491442239933028,-0.05658576555695009,0.3694591437246155,0.25189081665898966,-1.0198975728754751,-0.8767397588807572,0.18247400833764343,-1.7299283060210902,-0.22445301761351272,0.15046554756353686,-0.21729633116967734,0.376596158662151,0.8408120673911432,1.45222330810946,1.3830292598552922,-0.4065215464286666,-1.002736242816101,-0.975814464448561,0.8806958664282823,1.3892653531631254,1.9050024009356996,-2.4637310860757813,-1.0371380105428218,-0.6983124354187182,-0.23253706763955567,-0.1879192364858819,-1.4475263973096333,-2.5462199758082287,1.809053308306711,-1.1900237315609459,-0.8952554406344327,-1.8877263003192168,-0.19538891383045578,0.9004973252365661,-1.6507621631897695,-0.50549695858034,1.4944907480016993,-0.2981563398311037,-0.38418992360711524,0.6584893054171508,1.2812071881513711,0.02354865019952499,0.6425521557491348,-0.717318226994444,-0.0463223469078343,1.0619437456764798,1.721147544926664,0.1576766080443761,0.9974468233371372,-2.21299516840895,-1.214913844508058,1.166867865480948,-0.606888361521257,-0.841824221537147,-0.7300820943467269,1.6795229827363052,0.20387082025503958,0.45011942910090813,1.4463165299677,3.2858685427516643,-1.311930655610248,-2.2095748200417415,-1.7907156793845989,-1.9015860454204592,1.3639427527563657,0.8082269908083547,1.0117350983100442,-0.8554288956000811,-1.1767348352364086,-0.4570364837721308,-0.7772287183866692,-1.6751326440499257,-0.02589345271851622,0.889397375782881,0.6097151032029944,-0.7271294603477622,1.1351777007727863,1.4429141190026056,0.5611401949641678,1.7058297399080458,0.5042406548230015,0.2213974178099949,-0.017767455370924057,-1.5663629972341402,-0.04916867831722033,-0.7208235645402048,1.2088119980238665,-1.1781065460710327,1.6278962524242686,-0.9182023730002624,-0.7453970590312151,0.08486705590343996,-0.7208942066403883,1.973949789357255,-0.4307422366354274,-0.8218293288504257,0.9122178679140459,0.09308563218583704,-0.619779356984316,0.49362460949766146,-2.2463302230027544,0.06723418843207771,0.11417109662869748
0.3035680891323883,-0.08827106886779056,0.8128084038493134,1.3438940912056485,-3.1577104198786254,0.016615814330173128,2.3103914224659885,-1.2678038304498798,-0.20541649545396817,0.6828685452309895,-0.7056993038891847,2.3357859089914066,-2.4822576611572518,2.275881823169213,0.0811407868816202,0.2187286391893008,-1.4072102805346454,-0.9490243342848063,1.8074780803904742,-0.47807960131199073,-0.17385463805710233,0.13727524021120197,0.46201979321574277,-0.19562958233555752,0.19441126266147937,1.0344045058498677,0.35838782186677004,0.10335722628933525,-0.8184855114166114,-2.4208873305824823,1.740918640318999,-0.13142084464433149,-0.2112219283534562,1.4974682079003478,0.41041332797489094,0.07063858244471453,-0.8876843295786511,0.5176420189740473,0.5073414800631364,1.750316752502218,-1.2503596229451976,2.0601192966962625,0.035621198242253814,-2.1357468033645315,-0.7174701751207109,-0.2988921498092184,0.6667275530610766,-1.4767701953560772,-0.5034976559047557,0.7165338595074767,0.04751676038891109,-0.2871501415068618,-0.30770415990157673,-1.0524500469210838,-0.07122287390184698,-0.5219722610689986,-0.14203689098666297,0.7811661522645742,-0.3091128878779297,1.4801703681926035,1.218916641463258,-0.17737322652487467,-1.892830011868566,2.221646397175831,1.5188131012770627,-1.6500940281859153,0.49646856562941855,-0.6626906622441209,-1.4222091301188642,2.087215106538337,-1.6371317064523103,2.571883095910088,-0.915135814728186,1.7722097138962922,0.4371132320995688,-1.171657269164482,-0.07921658662330189,-0.0003986804757591736,0.1893771150200082,1.9035029214112986,2.3714108470641513,2.2465703640340813,2.060850753978939,0.17605416931557133,-0.3629533949057486,-1.3372233972465917,-1.0297322807157379,-1.6130687715965977,1.6289111759631516,1.4675696927575506,0.7527644135568634,-1.1719991788895128,-0.48252241414209995,-1.0007750448814172,-1.154567752187602,-1.133031014692358,1.870560981747734,0.47984230776654707,0.04554174574963657,-0.3899523361212646,-0.2395256336064168,1.1233444946899545,0.9559738354238199,-0.22891737183250266,1.8055519203783315,0.2309222187653986,-0.10461369815943508,0.18447921323961206,-0.383886428409241,-0.8620839090832658,-1.4870006259829154,-1.4710108833406061,0.3944221582339212,1.0348408265859435,0.9539484204187387,-0.9643695786692559,-1.395206918533959,-1.993568325391499,2.5667940370688713,1.0623154948296907,0.7683850776712575,0.2534731978163217,0.2070665695603179,1.4946028148928152,2.6519248764439527,-1.8539133140434219,1.212474658830809,0.8755589583854277,1.96453468010954,0.16273644191001752,-0.9730304256020287,1.6616944995605618,0.5101443451894436,-1.5882849726590273,0.33173561290653647,0.3915474978124624,-0.6973773276397394,-1.3867451574400362,-0.0614559746709404,-0.6936257452066535,0.6953034399293964,0.05161236708169916,-1.1491812351461035,-1.7875706358286958,-0.13491619160038876,-1.0373513145999034,2.3258070577034267,1.2116167453279592,-1.217456011476253,0.6506005995720407,0.8463197942761237,0.7857108975224049,-1.778342778274176,-0.14388418635817146,-0.47392142241295787,-1.4975659285183298,-3.4724477659265975,1.3492020506194888,2.2802656318735925,1.8860787715014478,1.973488494565396,-1.4038459877524156,-0.87113987666596,-1.0028192165687262,0.8606911058586455,1.2147854636447448,0.5068207168623774,0.8299117355965535,1.7919180479774945,-0.008802120107081956,-0.9676984188970171,-0.6543173859611845,0.7690054755226753,-1.1999813764729572,-1.4702702056932562,-0.6097216330934485,-1.7636067728664389,-0.4866861093412895,-0.22342263162765014,0.01750314070971727,1.5960381157468213,0.029914558155106907,0.7078282014198801,-1.2717830837231758,1.23906692516421,-1.7091882827033056,0.9993705197358426,0.7272061084221314,-0.0676091034954579,0.736795069799136,-2.0614789904562785,0.4361325791834251,0.8281702787500265,-0.9698569638526046,-0.14465880388182262,0.6018951223411735,-0.5433289291566272,2.3397735931048698,-0.03970321932790165,-0.12472805028677976
-0.3094392483730448,0.10929344272051342,-0.8967869824043786,-1.479580501106461,3.413304778116084,-0.014932920904390141,-2.4843950682734923,1.3416358301353473,0.2149527906297576,-0.7250490477929974,0.7589816352474604,-2.551658331532863,2.6733818775807268,-2.5288655470924577,-0.0655978646919832,-0.27224753534389246,1.554412161151975,0.9863480455800665,-1.935032326548922,0.5016523915598867,0.19177340901372977,-0.1415440540812282,-0.5238194793782237,0.21578988603183713,-0.2812247313236747,-1.0973801075287035,-0.36732832258096226,-0.09666060712320576,0.8499409847447601,2.6167795105012495,-1.8699020655207117,0.17111409315950366,0.19662319439039597,-1.5994650030453568,-0.47879533216160897,-0.0748474645402035,0.9994836183623175,-0.5762030503507141,-0.5373032145229945,-1.9171143511702846,1.3383070738298666,-2.2695765855541534,-0.022210699720359495,2.3395830009424796,0.7915720355723848,0.31772383793156145,-0.7186544265162926,1.646367058926659,0.6181891389213945,-0.7739820937562611,-0.06472929177157381,0.22370312718629493,0.3188396563741939,1.145673492535926,0.09273845549842093,0.5457890875465543,0.16268254101390156,-0.8583685201784909,0.3450425236020175,-1.6236434352077307,-1.3079178171732422,0.2000433872888379,2.084616547716313,-2.368931514814899,-1.6054453240847693,1.805757244230279,-0.5046621631849846,0.7295371092650884,1.5855294250839118,-1.6371317064566102,2.335507344719647,-2.801598178594001,0.9983756371727976,-1.9094748906450325,-0.5193757599716512,1.2822185507032073,0.09471041874125269,0.04722658602970236,-0.2186006610763102,-2.009142548177781,-2.548821458635249,-2.441205875508887,-2.2740912729874907,-0.22957959899042496,0.38621432171183123,1.4463724788699797,1.110363435837057,1.770153158109647,-1.7437408103158725,-1.5714394008489865,-0.7989754045965968,1.2083321823417628,0.5335638275219478,1.119972046977211,1.2630059897932022,1.197437505307386,-2.0150513473246288,-0.5245230660208309,-0.026374688180852493,0.4001262541688509,0.23796319089933257,-1.1776108719660314,-1.0825583621581119,0.20662348457629787,-1.9449163129658955,-0.24887951524653007,0.12747446644067414,-0.23847199746796696,0.40474817974264177,0.9663762147087168,1.6144024863258999,1.543436628601435,-0.4575901739359354,-1.10519449952697,-1.058403269107176,1.023380599247255,1.5243512826569308,2.1619270842988336,-2.767819355648863,-1.1509540140172452,-0.8418534402935295,-0.26657762688644465,-0.22551586931184558,-1.6516760573874922,-2.8806357890347143,2.034614928220842,-1.3721595669937785,-0.993980531126344,-2.0550334641225065,-0.15675082299219106,1.0712751590984368,-1.8006936572974785,-0.5490748380052748,1.6612736982586542,-0.36020581840516963,-0.3919192664695209,0.6994880682306114,1.461905224611236,0.0015637783125848834,0.7276887173101443,-0.7896965013770595,-0.05513710016243039,1.189746631822606,1.9141784341683301,0.1116044915369845,1.1163200199992478,-2.4891910790309453,-1.3415772288671055,1.2754259521114304,-0.7443484631897977,-0.8946812973482365,-0.823625103349865,1.901895850789216,0.20341952713722908,0.5448438873404439,1.6281270141428343,3.7252314646701694,-1.4609393913124256,-2.4793984131261038,-2.0912705345514757,-2.121252000918009,1.5216753960226104,0.9285606306523189,1.122516756257689,-0.9205505421362844,-1.3438782479591052,-0.5589565836260438,-0.9017995596339857,-1.931158657221656,-0.05650617162740083,0.9759684412744203,0.6809276383269873,-0.8870397513408248,1.3605555862109218,1.5900721185081381,0.6658048349005574,1.8767736321874364,0.6132687062073957,0.25489555238783657,0.0030439340579755114,-1.7346631906120558,-0.09260257636077227,-0.7924360390803893,1.3543836387673471,-1.302018441971663,1.842662605924385,-1.0893066027348068,-0.7926590690939292,0.10939728398956663,-0.7792209596577075,2.2527829481870465,-0.4892410767658929,-0.9381419713169717,1.0445193735422595,0.12487567026417816,-0.6640028797486992,0.5710405837811751,-2.5688914364394315,0.0680306402904359,0.13111306237525422
0.5287805546321644,-0.1952624762244922,1.336313132033337,2.258047997924019,-5.309984415336334,0.041098725355320206,3.921723760160174,-2.0893543336310128,-0.3715349111788958,1.1324547046206257,-1.1873907164402886,3.995545843336217,-4.188572949217539,3.8952565514602053,0.144729331518708,0.3466981928518612,-2.4427303712097923,-1.6087948443740105,2.9864278989313644,-0.7803314224269439,-0.3123764650661658,0.18145182787813277,0.7855996167107909,-0.28339480520246607,0.4199784658247371,1.6934277100066937,0.5604939889828147,0.1401044430179551,-1.3467247540853755,-4.1309543396863875,2.9185118891248023,-0.25648430789634635,-0.376803579670761,2.4552284413254117,0.7715387363838546,0.10394338040473168,-1.5705283116990436,0.9289377415973047,0.8621370062313342,3.0147544052206157,-2.0837600954925803,3.545073010497572,0.02316444499833642,-3.6941100242440954,-1.1947413329567445,-0.4942349393377154,1.124634095774242,-2.5623941353751554,-0.9484342713789157,1.2364600159956227,0.07186270188744781,-0.44842768554284784,-0.5438177621758287,-1.7975945786341598,-0.10812977841069746,-0.9135480351234558,-0.2361204112016124,1.3362451077748287,-0.5697139210053979,2.566729442161395,2.0692627505558385,-0.2805237325638697,-3.278873791118554,3.80331444276249,2.562636418628987,-2.8141924459953622,0.8102545528073843,-1.1348206498304567,-2.445543279746489,2.5718830959261787,-2.8015981786045576,4.879842984523297,-1.5539273175458788,3.050163580042767,0.7682998742352323,-2.0072295425073796,-0.13362191823361502,-0.028184118619991823,0.350521467627288,3.2082543879669214,3.9558489224141486,3.9074625589597916,3.547034850558129,0.31567696530833134,-0.5696388717358212,-2.2818352999092912,-1.7444222973705321,-2.7559336620510755,2.775152730267184,2.4775315594967586,1.2808991194194277,-1.9480034883924315,-0.7761076825975743,-1.712632406484525,-2.0135908490285055,-1.864547322492018,3.151075640540145,0.8335843710209978,0.03883530327875592,-0.6401621685731771,-0.4389389791134648,1.8392296445735536,1.5470729535615595,-0.392627906484606,3.055143742862171,0.39795456142190466,-0.215170797983917,0.3021809914727035,-0.6419625397884847,-1.4907174701809152,-2.573376396817388,-2.493529537528358,0.7548733675338594,1.7384513681683407,1.6661456447024128,-1.5922130038879454,-2.394482650117911,-3.4048961248290914,4.3953886447927175,1.82143255004375,1.2713221294726715,0.45178655901808334,0.36504154957294244,2.5485036328940014,4.533654093435797,-3.1622140253084203,2.1114439303319563,1.5689039581090225,3.2634714215305203,0.24918034167774744,-1.6041446214837096,2.8302790139144713,0.8547289707130836,-2.6301954698004897,0.5253655571923908,0.6740813257515509,-1.1604398615864335,-2.2799351084393265,-0.03579197312519283,-1.1771911850896493,1.191525294339569,0.057654954166072456,-1.9128905243936156,-3.0016782560023723,-0.25780454176315604,-1.7541224833144313,3.8859429952214315,2.1515590848626993,-2.0379809818352657,1.1082197871492856,1.4421672238576366,1.3056215921779206,-3.005604254770888,-0.32029977181119257,-0.8289620685453607,-2.5051411950483073,-5.8658109927583535,2.275637371065112,3.85233417814264,3.2599428612998933,3.352918287572168,-2.4163966117222135,-1.4876124667938109,-1.7725044649109425,1.4893349810934986,2.1006593366945365,0.8780927390964929,1.4563867550917227,3.077300430814294,0.06594189012789793,-1.6095771555747937,-1.1108164621518535,1.3695611967085195,-2.1043279800320938,-2.4993284939536737,-1.030790855570857,-2.941984068931147,-0.88465125783236,-0.346388735353159,0.016717171623084365,2.7387265915884154,0.04338862208804736,1.261906284739404,-2.1466312504922502,2.0688589273096456,-2.873349146108055,1.724816459420203,1.2456387661525512,-0.14371261735565974,1.2519095542392862,-3.526087967946387,0.7825388818067419,1.480678528894411,-1.6157660542733585,-0.23600121752523995,1.014550141496272,-0.9263370349198345,4.009169262789838,-0.16665399208455361,-0.2417908319459429
-0.1589373167770837,0.07588126202410655,-0.4956827444040702,-0.8036787122129656,1.8608547496479015,-0.011550995601349173,-1.3960776495077756,0.7692886586339839,0.12684014702548077,-0.3717383030989061,0.4027026389013368,-1.403167525896289,1.4940118195151717,-1.4006525652158255,-0.049495275992932415,-0.12518394309305397,0.8347615297987089,0.5795910339645716,-1.0550696836542726,0.2511534981631291,0.10233470677076112,-0.05488733434494153,-0.2962545737630613,0.09036922388358216,-0.1564514129987477,-0.6212753329027462,-0.18619425243787133,-0.043251570350612153,0.4748502323728153,1.4489726257179594,-1.0239696629009352,0.09378825066515478,0.11567450128403192,-0.8387533151156294,-0.2470204630650363,-0.07041029371261714,0.5454240987187493,-0.3579502703615472,-0.32766546033674226,-1.0008201647406796,0.7217536358819057,-1.2697818620810297,-0.007541033788692426,1.2764652781818406,0.3912914505909339,0.1443843049429881,-0.41081840625656135,0.8735023359467026,0.33198606456418317,-0.45468944357133395,-0.018741110905869343,0.16528151060174323,0.16237469001763916,0.6388332940676095,0.03221516342250828,0.2899916332954002,0.1078634196393203,-0.4875389028158934,0.18792803631766877,-0.9135148617354337,-0.7234766829073045,0.1322848417913986,1.130475260217256,-1.3481790095097135,-0.8823607777955783,0.9964723197150565,-0.2838382327965421,0.41072478337228036,0.8754008262595256,-0.9151358147287747,0.9983756371706335,-1.5539273175366064,1.1057162888093652,-1.087049104965542,-0.25747059184543925,0.7293717992553814,0.03933354341260905,0.0032655780090068524,-0.1361639659540901,-1.1051028701809216,-1.3717881363057554,-1.3934503816788548,-1.2929837772717216,-0.0947236578882376,0.2204747781838739,0.7701073960060074,0.5906632430710019,0.9694882894158307,-0.9780907874425835,-0.8713375428668544,-0.4493636499869192,0.6960722512883132,0.28790467692602006,0.6335623646915075,0.716714877068558,0.6504366541972739,-1.1395628220257923,-0.24217293405589324,-0.011926545641933774,0.19721289039672024,0.15244518365999102,-0.6259640241499864,-0.5789181389914446,0.13532896692606985,-1.0446792519750765,-0.1313495517137451,0.06745823673965914,-0.1149651572093803,0.21487793554049933,0.5169454918310891,0.8945605067702485,0.9029356062657248,-0.29780239407065,-0.6497859605243788,-0.583592929833371,0.5226605261466986,0.8125291683681372,1.226151709723825,-1.5693731910552682,-0.6390921802584282,-0.4576609663737752,-0.18092580898289445,-0.07897921985838963,-0.8882744774388377,-1.574639911196319,1.1178298355310095,-0.7544680872890123,-0.5451818997365149,-1.1649154718066719,-0.0581481794437434,0.5710714366501612,-1.0007606186721894,-0.2691878460116722,0.9557531184477768,-0.22269342004963943,-0.22401610694747634,0.40730789761489716,0.8024558144152535,-0.0012765511283303888,0.4531583074668726,-0.42102957685535125,-0.0024855935918655786,0.6536691993467093,1.0834926522465318,0.10724707786556506,0.5875132106250903,-1.3650569922108386,-0.726136925660499,0.6945278817096557,-0.4442716522445681,-0.5110479514234517,-0.4749248616944925,1.0537725415013037,0.11678853035456273,0.29629792180095693,0.8542533833231293,2.042066350350674,-0.8182109523911819,-1.3806971945744981,-1.1666280630613415,-1.193536759395535,0.8802788105183381,0.5274239208275926,0.6132513261993104,-0.5325826176994977,-0.7126453548796035,-0.2871282601479566,-0.5075904538748066,-1.0553500743917712,0.002640954920285427,0.5645865587501101,0.4038484859956286,-0.5059863142502683,0.7521306861017972,0.8751807365850546,0.3596471176812912,1.0452147528615485,0.36417858936357167,0.12951224119236382,-0.008184155987443521,-0.9667964265074538,-0.06672384420518268,-0.47852715267382145,0.8007921270828326,-0.7432110650150865,1.0221374122212186,-0.6343434341427875,-0.4650689731287553,0.019403452076014634,-0.42231282599363446,1.2384153899816137,-0.26783153706693996,-0.49988710668533254,0.5597755866903482,0.05777057161652912,-0.36273475359423685,0.3322457418717377,-1.4342482848031428,0.04153568612547514,0.0607645058573013
0.37802694326936853,-0.12345842988961714,0.9469071460376389,1.6044910182096204,-3.74233181230207,-0.022913024024224446,2.765681536529791,-1.4515532305963543,-0.2661260180110643,0.8038041944111116,-0.8071946054992521,2.8194592928241176,-2.94263744119368,2.7087889887183105,0.11119259393193796,0.2590022450716214,-1.6897843508594164,-1.1187137660435904,2.068720077253035,-0.592440707031199,-0.24320074689792376,0.12207790337646127,0.5374433200649935,-0.2095232668612637,0.28603812280588464,1.1832122748397902,0.3812387723573005,0.10635010963812132,-0.982223836146351,-2.8930772725452254,1.9985789157104745,-0.20311136774379898,-0.2531352836489907,1.731112538771794,0.5114731415844909,0.08114847523456209,-1.075699510115734,0.6644791944395488,0.6066567896565723,2.084778211301543,-1.458045844658885,2.4906298461604615,0.028611716151740157,-2.5591284728903276,-0.8587406868471451,-0.3482693854321443,0.7717663039136252,-1.783188653671179,-0.6752275553133329,0.825248117536514,0.03249274110395055,-0.2686775180546546,-0.3503519109460312,-1.248190351753791,-0.08829541636838603,-0.6394418608623084,-0.16316526427019276,0.9752492268588666,-0.4075991083518675,1.7942805912614603,1.4163772922995004,-0.22470074869385054,-2.3102669846896933,2.6753554565186457,1.8300153712116562,-1.9529316164561847,0.5316059143926796,-0.8185002392801639,-1.7129497638907294,1.7722097139054642,-1.90947489065019,3.0501635800392792,-1.0870491049708078,2.672265455245278,0.5303065665342166,-1.4335888066179763,-0.09486773114925874,0.009101544468079367,0.2505148324855764,2.227786604351614,2.7781578516368706,2.703089496489744,2.4803682902278656,0.2678202168193626,-0.4324346637057308,-1.5977962140960364,-1.1927279715854384,-1.8906221487248307,1.9200370843716743,1.732873985845035,0.8528784732602148,-1.352085924378263,-0.5588626551466948,-1.192304854880464,-1.3782014844415453,-1.3180969572093575,2.2131745206891815,0.6024009986046762,0.0017523839698434657,-0.48901013295975043,-0.30006523369794247,1.3073657271316528,1.1199186764703195,-0.24029042521714467,2.1704756142724433,0.27474187734536376,-0.10248333723350468,0.2719121820874211,-0.4502063533029763,-1.0216844776937737,-1.780759831342245,-1.7164445022994803,0.5240874769458613,1.2279230868554858,1.1282845945711584,-1.1041556240205297,-1.683620769668833,-2.3502765503482284,3.051600016513588,1.2868349170986206,0.8732411911451659,0.31842209289374934,0.23411020346138725,1.8165966708110786,3.1708708401349917,-2.238510205295093,1.5018157618164534,1.0833204677336137,2.266312088500485,0.2289513840745842,-1.1395568562401746,2.0083181347574524,0.6110518033967598,-1.8838456741636331,0.37842810438432883,0.4346607410513608,-0.7935053293175028,-1.5747432457155384,-0.07715854549009146,-0.8655943149563796,0.8726340022535948,0.02725288161118776,-1.3046360944457922,-2.1210503989463656,-0.17615798611201655,-1.2167932358342552,2.732761997951499,1.4516175253370964,-1.3762219086863343,0.7921111006238293,1.0202870812586413,0.8876401017398363,-2.1309235008912872,-0.21604523195194308,-0.5649489333532046,-1.7939565263368815,-4.078404307789214,1.5815249332544414,2.7117493188568713,2.2394748138795593,2.3253194727124993,-1.6980772157642372,-1.0346820463966142,-1.261780980307908,1.0507979718763398,1.423213397201108,0.5869045827867666,0.985668561239883,2.07907031733234,0.04520791461981376,-1.1280967097802335,-0.7829442967144449,0.9508154591674026,-1.469639718221467,-1.704789043599242,-0.7126990083942442,-2.074098718094423,-0.596034390281508,-0.25460456094835515,0.004201563276315809,1.8996115139515248,0.06325042113159286,0.8831967071001999,-1.4736807340282096,1.375184086814334,-2.0423264463708777,1.1978886923181695,0.9064322119619208,-0.13343825834342746,0.8834696302764854,-2.4321990669028337,0.565314963963284,1.0273869391718249,-1.1658078994932577,-0.1387923987831912,0.7343226706900143,-0.6121295021545219,2.798842074681113,-0.10934371356548338,-0.15112637213974403
0.05116968731787358,-0.04087122339314703,0.20228613547131752,0.36978748169259734,-0.9156252607287446,-0.02143855353079338,0.6713372152122697,-0.3553794676870029,-0.05889460567839344,0.19563821569840703,-0.18243688391277957,0.7068800983697143,-0.7283601889944971,0.6765974523707111,0.07077852379245614,0.040248618333037056,-0.4462202859242382,-0.24102366460344984,0.5234946275774562,-0.13937458751490497,-0.04600265452514844,0.045107983701934806,0.13210155718133124,-0.0420453818776401,0.05350650779008511,0.2993683530571927,0.11491739241506917,0.021300347948833905,-0.2385255380348678,-0.6945894218967308,0.4659293527679812,-0.05804782924981612,-0.0753739334641603,0.4254273988808579,0.1305846571326322,0.019963914009811068,-0.30262004361297096,0.19079631355440138,0.12456086466315691,0.47089309851308103,-0.3907918384542961,0.5871177721726369,-0.011080732121412185,-0.6496517388751291,-0.23817618707827704,-0.07486506733804744,0.21899081607949714,-0.4412311888650631,-0.15294269396663132,0.21191344885628446,-0.02949554103107717,-0.0872077903835549,-0.0938377249504694,-0.2722649043088582,0.008296094319204052,-0.13631958124111096,-0.04513214454665308,0.2516307981692714,-0.10126968375752365,0.43225897262362534,0.3595690790260597,-0.05408304824947195,-0.5577924101095045,0.667610961298959,0.4037214882250255,-0.5017907227673338,0.15731223504963482,-0.19721083642602505,-0.40370653389356725,0.4371132321026487,-0.5193757599740558,0.7682998742367992,-0.2574705918472635,0.5303065665358488,0.7137479436507271,-0.3409296087048872,-0.04395011196559338,-0.0007267240156642023,0.036016003073168504,0.5609545809586722,0.7107533121332666,0.6326874566287366,0.6149526486111002,0.09961549620055869,-0.09153318000845315,-0.38866405160611583,-0.29749988638110914,-0.4729207824533712,0.43204181366837385,0.40430471220291186,0.20680427161315545,-0.30611661164879883,-0.13737234164717882,-0.28489127474335113,-0.35223813271189813,-0.307466332873071,0.5708137382239785,0.16277045198186685,0.02182951573382285,-0.14855039659553076,-0.0778103476861338,0.3205484865566435,0.2768492595037672,-0.0950891167303639,0.5147601802162192,0.06612726292144673,-0.03865244161505439,0.052028005469905894,-0.1140709090147557,-0.28278978730847426,-0.44316222232030555,-0.4433547304194301,0.1299989925115348,0.32845273699744426,0.28179776079135466,-0.26565163611937315,-0.3791322735871045,-0.6186413660642667,0.7486437873072103,0.33588298170094244,0.2469067804229106,0.06710738102532994,0.052481977593358105,0.4476926813518387,0.7707422052516015,-0.5466378787207195,0.360958960406902,0.24234371980292288,0.5698164340359272,0.08322610843263543,-0.28427952095450715,0.49026970272962106,0.1342110734995979,-0.4632181470834187,0.09384018395705501,0.0908098389848507,-0.1738649946120151,-0.3936333980719349,-0.0005731703013278511,-0.2387496639203528,0.22406592970730743,0.009959509978402812,-0.3188859048602838,-0.5262386278473746,-0.03558528075665544,-0.28092066933596566,0.6442679945569185,0.34167098746027935,-0.3748252661737862,0.1882850684589578,0.23996315731809317,0.22457547693413302,-0.5001670628103935,-0.046341721884398265,-0.13952426765458179,-0.43968596889616773,-0.9790081897988864,0.3918027769325304,0.6900011015656141,0.5483176178084482,0.5641030200442958,-0.4225037297880488,-0.2407149855857652,-0.3248435394428208,0.2499691452477339,0.33595806504455367,0.16565136189230034,0.24037381161913318,0.5047617440104155,0.03549915043481167,-0.25793261145107366,-0.18696872642626805,0.2577720519048215,-0.3543004467257616,-0.4223196670016742,-0.22507190490621673,-0.5104111373001544,-0.14449761367958935,-0.062314192194326684,0.013603682606768981,0.4481763532453652,0.024114249837878184,0.19135637071353157,-0.3681033546597111,0.36487035280578006,-0.5131923506994208,0.29098364880497396,0.2138651127224251,-0.028268608066149854,0.21217658056567404,-0.6053102321273346,0.08290998546364267,0.23614205249360373,-0.25392073492447026,-0.0418693459104275,0.1738941212078837,-0.16743710086753666,0.6741818441371586,-9.006587039679832e-05,-0.06020375642545599
-0.22440074630025064,0.04261615875539391,-0.6589264028145234,-1.0767965321667732,2.4571474054707862,-0.024116996180450222,-1.817129952778018,0.983513127316132,0.19845302752919203,-0.5015327365724093,0.5228457061742723,-1.8489961869636902,1.9189989563469667,-1.800127908248695,-0.09453911258419462,-0.18744289547554588,1.1213704385954653,0.7326483049996487,-1.396478996982484,0.3950352182392942,0.11701966495129953,-0.06631785033353745,-0.3632720791973848,0.14734722662772873,-0.17246702797032987,-0.7849427644257883,-0.24348323692658902,-0.0603209741489958,0.6341896590213147,1.9095805605452572,-1.3481158981582881,0.14050886906054308,0.18632741125734054,-1.1451619373789657,-0.33068864975058593,-0.04816665087205856,0.7568022747363075,-0.4047407669566103,-0.40687518898163705,-1.4054764734803638,1.0089962219169764,-1.6801123410535623,-0.038733265077492515,1.7044074298771141,0.576703644953346,0.19325694901930238,-0.5210189362603957,1.1696674528420306,0.44058375341425443,-0.5857153641284005,-0.005613199359803603,0.16414824226405555,0.22215272495478103,0.823777424889871,0.05047142663168232,0.41785425998000714,0.17581294387872287,-0.5801357665146241,0.23155305767363663,-1.1858006293991599,-0.9550614385620874,0.14510567742329164,1.5161437812922152,-1.735719559460044,-1.205139375192702,1.3032325198271397,-0.3440702896764088,0.5383378040545838,1.0948151234368166,-1.1716572691714628,1.2822185507074824,-2.0072295425061952,0.7293717992593018,-1.433588806618778,-0.34092960870402694,1.4706329736426302,0.050182566068273086,0.04763287508889388,-0.13775634779316215,-1.464769159897442,-1.8416342872763922,-1.8112442464628116,-1.6483320345996049,-0.1787822546419275,0.29791544935542613,1.0553031486748494,0.7956471943843236,1.2846096973440138,-1.280209629029878,-1.1682379961471367,-0.5808910329000176,0.8826645102642715,0.3615608697891054,0.796493433614565,0.9270833959787301,0.8509884830664542,-1.4483224170486917,-0.4360952471786239,-0.022867222267748608,0.2882436833068462,0.19601107645500465,-0.8642907598622344,-0.7639456401858412,0.15518104309996644,-1.4153920289840625,-0.19948782383751368,0.06864940734236569,-0.14606785452847368,0.3059410455746946,0.6562764993137,1.1781973474943566,1.1342143534948994,-0.3401633067350625,-0.7922855699810225,-0.7546393744851433,0.7469731406183258,1.0839485385074314,1.576800458226229,-2.0176296581613906,-0.8539622092273973,-0.593138296979648,-0.19368986083837608,-0.1550232106161787,-1.1679677764672314,-2.109782191043475,1.4860623085734257,-0.9597407260757894,-0.7589223678698092,-1.5291969932897636,-0.1556462565562104,0.7249613636586453,-1.2837552757870203,-0.3902607366183321,1.199235308212259,-0.2668078236027501,-0.30903940211669606,0.5025896284357401,1.0913403154210033,0.05155808444023607,0.5409334110461101,-0.5764492906554592,-0.0749154652162495,0.8901182608676979,1.4107808551677796,0.11534642542168834,0.818971674096815,-1.8303770411778377,-0.9538827140941877,0.9756977381971308,-0.5175970595216451,-0.6707941440044988,-0.5959392519596791,1.393542823052532,0.13938621412069147,0.33243217715579254,1.1728335412559652,2.6717047270300065,-1.102465013040434,-1.7783188480009502,-1.48212637687231,-1.5177954344293327,1.0858987874473058,0.6540958668618455,0.8061517209804748,-0.6817663708959544,-0.931018747253782,-0.3889321740834195,-0.6460153386363229,-1.4115976203059217,-0.015684188756961773,0.7131302029854247,0.4862402448124926,-0.6080496623116719,0.9341624050956915,1.1269861947093585,0.45018476113352923,1.3728416374869827,0.415730751138153,0.18463191006111315,-0.019217234181310744,-1.2574612238872023,-0.020113481572158448,-0.5962819230710553,1.002774074886719,-0.9636534647342236,1.3503516968614946,-0.7895872514415417,-0.5769060756827058,0.014479665249098496,-0.5478338650917548,1.6198432870339154,-0.3425093774916497,-0.6495506953314898,0.7757460224396455,0.09961251860516601,-0.4744268137755365,0.3936911830168732,-1.8964129169447115,0.05020866017782382,0.06331719694903308
-0.029752227754613603,0.010430154808913244,-0.036166463178648516,-0.07147711766723754,0.0874278630003847,-0.005866471585876385,-0.09860911144474933,0.052880034162432366,0.02207869265024838,-0.05682218764609164,0.03943471472014663,-0.1316461591203162,0.09167786223528605,-0.09658248874760411,-0.018733843043808485,-0.013931158951402392,0.07438596194584308,0.038568814334498644,-0.0681218407879535,0.02885380786498985,-0.02626923332043734,-0.021050713048185902,-0.0750731807477762,0.010467320145947872,-0.022270980368930687,-0.04128949136899742,-0.058862242125083106,-0.04070282290911394,0.06950617160102325,0.14626344875470268,-0.10110617873366078,0.010010689425900306,0.024248382316013766,-0.07519293899081125,-0.019636136581264164,-0.023341218038264343,0.028973036065051035,-0.021634126515415023,-0.010896060169230566,-0.08686100564717603,0.07001419326334075,-0.10802678497469853,-0.04039471256312936,0.14068033334243168,0.03033812187195369,0.024907270616700637,-0.06659579331614278,0.062486880303937335,0.04092777536478434,-0.04839257010437513,-0.03188496733283615,0.03455202848701682,0.020882487857547684,0.09266381672834917,-0.0003060763287028659,0.03238829687986284,-0.0008961551166275627,-0.05665949902572276,0.01778342765600098,-0.036057505667820906,-0.07861397375372692,0.04167788807865984,0.1087705655647888,-0.13595614534865086,-0.089612725184322,0.08034653814359292,-0.023103769841106164,0.017029738252751343,0.059864725820821356,-0.07921658661873207,0.09471041873603028,-0.13362191822525635,0.03933354340968741,-0.09486773114348676,-0.04395011196434933,0.05018256606433884,0.5535513103193337,0.0023710210935640164,-0.005550065444626483,-0.11106012906340453,-0.10852084769876139,-0.15585126192766063,-0.06799424214963506,0.006600735962481218,0.004607588479798232,0.07167829062553745,0.005462712706327871,0.059830565496226736,-0.06940003391740854,-0.08720148932855877,-0.08542357401424683,0.050569658803993965,0.0279661122501356,0.07077647797817121,0.07463477202407559,0.04932028841563256,-0.1439583693634881,-0.008147627420585519,0.017356598892611076,0.017604197630802492,0.02826444879595927,-0.0919930346216212,-0.043506956917335304,0.017334622345620727,-0.0896919761400044,0.007969667180869153,0.0021400428452076434,0.010031465070921152,0.025298111439772522,0.047056474424358175,0.0908807732735467,0.07653136227395832,-0.0220610536255879,-0.04400301911994067,-0.049396373091795405,0.08719656573225146,0.06605765813028455,0.10720759490839665,-0.14751414464926857,-0.04015042053258254,-0.03008767715994061,-0.05739487317953,-0.03656735799436046,-0.07349982859179068,-0.1500234142650556,0.09579061382497779,-0.04589393509227996,-0.02395410480389198,-0.11161368106963317,-0.008785983451295193,0.0518623596145097,-0.14027100122072328,-0.023203098513531216,0.10408213147818651,0.0040736080995244115,-0.060566799457334286,0.040620554720112376,0.09290779611209232,0.01162220790513596,0.0070940684152374376,-0.022447064154787272,0.023261040578546503,0.07272117415800976,0.12647323093164006,0.02096090439338214,0.08105836141475943,-0.1257957330007006,-0.04094904524974617,0.06810512176318442,-0.025801245912480644,-0.0570552932325898,-0.05460974310887445,0.10463382064615358,-0.011357705239504868,0.054292532286677395,0.07323356514085605,0.15706654642790507,-0.049699227059250936,-0.12714961082582318,-0.10126125574932046,-0.11264377664828265,0.04737087005047481,0.06357190169648042,0.0804687500309596,-0.06896088363271445,-0.05144110574513198,-0.034889829924854864,-0.044134150885855206,-0.10867646365819857,-0.012351496260739893,0.057200685972651,0.024610474782878332,-0.07193800248434545,0.04354816338629332,0.08353682981113197,0.027811029607726898,0.10117644284053502,-0.04158593368477677,-0.004956899330374057,0.02698474616552317,-0.0942751564191758,0.020002484147257617,-0.059572570581617315,0.06476641475288662,-0.07738867619367408,0.12276958068913044,-0.05052844634557364,-0.024356683272098972,0.017783550256499105,-0.03800787070841464,0.07610474500991243,-0.022988070119103074,-0.05632941449140211,0.03578710756857682,0.024729835995770763,-0.06594145443929322,0.043052779431505796,-0.0927754080942968,0.02800824037607811,-0.014343402822273676
0.006025324615693281,0.03167808201366902,-0.00496734493120477,0.019707081501204753,0.03244461814069842,0.0028946142672542693,0.03576166092903102,0.018252155611009357,-0.02315825126020285,0.028610093521321173,-0.021693255566811058,-0.00861865150549254,-0.011254374177689087,-0.010412442745704232,0.03312765685485758,-0.024615793407326603,-8.405997469539367e-05,0.001395472706873885,-0.021014696180098023,0.011694116928170122,-0.00998964399321192,0.030199563055245383,0.0035958152984313803,0.00788960039963045,-0.0015774648958701025,-0.02530255161272822,-0.029878031383244272,0.016743435491317418,0.0002519920798488141,-0.02206045437856023,-0.0027754203378208787,0.041480241657986354,0.023189160544462167,-0.01755586249233424,0.0031635751202952135,-0.02574763785063243,0.011785980471074904,0.0038961241924101546,-0.0017326080997588983,-0.0036901710231377733,-0.03082562526820555,-0.00538420874251123,-0.01676441916925336,0.0008882545739314746,-0.0047619773174613755,-0.014749441858930382,0.0360136630721722,-0.00618342942867627,0.005085171167796692,-0.0234394174996354,0.015266331807282601,0.009893666722624766,-0.0163219866516241,-0.024095186548725108,-0.0034700365370087887,0.008026927006971246,-0.032500007200201096,0.007996624181027694,0.021938427499225546,-0.006976592641935632,0.009025478509009177,0.0035317641141196674,-0.016797731927792315,-0.03217790438334076,-0.00962182584941394,0.02832637045544802,-0.013213048165430516,-0.03966272804616116,-0.012855795394613664,-0.0003986804701022448,0.04722658602340982,-0.028184118610245706,0.0032655780054852584,0.009101544474992129,-0.0007267240143719489,0.04763287508415615,0.0023710210933996032,0.592017363889338,0.02348893561731951,0.014496739334622895,-0.021170167570671205,-0.004853292841117865,0.012618209318177373,-0.022481726681170964,-0.03448085337405342,0.00012133579128252689,0.0028202329227191886,-0.0067080481278853,0.00631152955354249,0.0010323268392347165,0.017440208926510666,-0.011142939112390789,0.009894618453875875,0.01565810213750958,0.008777303331371271,-0.05128421188957344,0.013138481999115,-0.018272699097603852,-0.004404552287941086,0.02479253725646793,-0.0036397452494494145,0.03358005503623338,-0.017293717166787667,0.0004127683602786899,0.01250207565423715,-0.028070897917593637,-0.009579396100968045,0.024510389016038844,0.0003090931937438755,-0.026767342245478738,-0.002996489118269534,-0.04433341697511059,-0.00619094752506757,0.013021041682878761,-0.01869834465665094,-0.00024175820424202787,-0.04236787252572506,-0.019234738811480495,0.012296090610178877,-0.0011034535219776014,-0.020954549370911204,0.04058622795855998,-0.0016334327780435187,-0.020198530954783404,0.020020734771119528,-0.001402800659462538,0.009500842005637026,-0.026010182852963838,-0.008399938271377281,-0.006666612046304601,0.015355500924473462,0.0030094698167874643,0.009187268708823042,0.020497888440775505,0.011095584799719522,-0.00804522652239872,0.01595463118431245,-0.01755852904842886,-0.009090406151068807,-0.023156529982079125,0.003357979668553364,-0.019055303645290067,-0.01516181461809443,0.01704660905905936,0.0023426078575024957,-0.035428966452628614,0.022642663607221267,-0.009594164336802763,-0.019336784113046623,-0.03930080633005498,-0.02569877753397868,0.0006956009962260697,-0.0028225968794076397,0.018676151857382632,-0.0022058564835166442,-0.023294586833569997,0.01625710610120229,-0.01336926481188899,-0.0034972517176777656,0.01281115729220484,-0.012244099461516769,-0.0113575769673469,0.0016709135114157138,0.013859746422146955,-0.0235947134891211,-0.03880880006088403,-0.012090118418311304,0.012624740533623547,-0.0222626131339376,-0.005803667217525209,0.033927617416097344,0.001149410255952827,-0.008774738294522914,-0.001985759590057092,-0.006997722803901516,-0.026294843716238112,-0.0059217794207380055,-0.009467113409910617,-0.012208082497159075,-0.010169296291726295,-0.003511362920980033,0.001508891904918356,-0.020406870030440706,0.028644466758261287,0.0024130492123236916,0.06054697392504587,-0.008699443097045786,0.007668075314989798,0.012713637650497343,-0.040802252297758364,-0.047657682221910004,-0.047816359726013585,-0.005708225985563175,0.01617661240577817,0.022740720221237208,-0.01641933259426331,-0.007217318683320726,-0.04219466542238183,-0.016262990984454405,0.054197418923577434
0.010516581292410601,-0.05379313304214347,0.09725032137451964,0.20942942923657396,-0.42216190037085605,-0.019053187460305702,0.2959025600256495,-0.16110604109326454,-0.019221077712264677,0.08077954034255813,-0.08225487084321338,0.33197920994242075,-0.3427614572528368,0.36351755527004426,0.024428641237757533,0.06818930979868927,-0.20827931395246857,-0.1216043550771711,0.25658385961131586,-0.04604703483411297,-0.01722069227750386,-0.0015025140105659404,0.05228136373439244,-0.05092419093469562,-0.022235188566142393,0.14258287885769622,0.0700725099875804,0.00937504741340952,-0.11948395577825306,-0.33435040824574286,0.24212768365204462,-0.025008203378041695,-0.04460670210314498,0.19622865895722222,0.06828640344986338,0.00031267158330181184,-0.12000842868655748,0.055664468436638366,0.05241809300026712,0.24150835560520503,-0.17851731834535092,0.26491516504609797,0.013025241230298473,-0.3130350078160771,-0.07927145477644693,-0.055414248878773095,0.12104029610788151,-0.17773730696590626,-0.10393328466548798,0.11598134154566367,0.0008888990029706431,-0.006417865886081977,-0.04973597061917442,-0.19186483008876054,-0.013924158237668662,-0.07492487116362063,-0.03992331475644534,0.13518434556036613,-0.03908822426711763,0.18581103229777043,0.11177932316862238,-0.054922652232667936,-0.2415495274634357,0.262024109281788,0.172746264811809,-0.2541507049020181,0.07040948982199728,-0.11060130477700504,-0.1869723261879813,0.18937711502387136,-0.2186006610798865,0.35052146763113795,-0.13616396595644759,0.2505148324886475,0.03601600307354033,-0.13775634779515877,-0.005550065445501679,0.023488935616321396,0.5910212091491096,0.23502901915758834,0.35349549530390123,0.31970098739063296,0.2749907900295422,0.04599716102510018,0.012236553077022634,-0.16110604232818526,-0.17081424633776857,-0.228630780159716,0.2404175146666533,0.18573821133991175,0.12711832309912774,-0.19003509057329723,-0.07457405310793662,-0.12985940636647375,-0.17090384201457226,-0.1543871850225665,0.25937164758374015,0.06938479239368196,-0.010455321864906242,-0.05816062351480044,-0.028118994514758855,0.14890945896284785,0.13485754795878396,-0.031193196738317976,0.24472805517981963,0.04917891498837202,-0.018364149700443345,0.039825910891666816,-0.035647089076685345,-0.1554701735293741,-0.20653265781998192,-0.21495416676355208,0.06302694039694759,0.11048503776975474,0.11883715037195591,-0.11596207010130527,-0.2170525524958998,-0.2387422507762639,0.3462721821464976,0.13396613414862238,0.0947143230944712,0.03267096628753513,0.03167060109002653,0.22283377250995814,0.3723158224568432,-0.2559965689805681,0.16719218556168283,0.13285934896671223,0.23381584186387203,0.017853224260170154,-0.1305058633302551,0.19487055020464594,0.09069307213097444,-0.2384419195234238,0.03767452400599879,0.06886676297344514,-0.06697600080072437,-0.1873370839129148,-0.03583014595409832,-0.09403977974848372,0.1051668239718123,0.048449401429288996,-0.14553735308480456,-0.23529749447272047,-0.0271223986096392,-0.17298251075377732,0.295837466238325,0.1706297664856116,-0.18374864873118046,0.07743175673903663,0.09668700950196153,0.1239722431797229,-0.2525744984037342,-0.04949622487654427,-0.04607794393038157,-0.17654291642934364,-0.509688682883616,0.22309781073866333,0.2668988232646561,0.2610789687352534,0.2674129507847883,-0.19512379795237847,-0.1273326552692285,-0.16235639494003287,0.11258240979459772,0.18467103064352947,0.07863655327248376,0.09362614216282453,0.26354492373877214,0.003373010148178559,-0.13144500841366905,-0.10926430371702836,0.14128167735560387,-0.1700593406278731,-0.203252100783444,-0.0764003634593522,-0.2343313195449109,-0.0628989492938197,-0.037537000543913776,0.005590629683303714,0.2252437983492192,0.049890571368154835,0.07847202166612072,-0.16589027956497632,0.1767329096691325,-0.25032218319788346,0.142606682692859,0.10644323004919809,-0.007524706466328144,0.09840038613664293,-0.2908250846639068,0.06120386904017231,0.10196674050558774,-0.11950963609449676,-0.023167403919756704,0.10293936217185895,-0.08163524798244146,0.33697562851323537,-0.01330428298893237,-0.01921724601904352
0.3496676741130751,-0.1283909126320454,0.9938401222166879,1.6339086215482654,-3.8734763468123092,0.060367349495768566,2.8733839014827742,-1.551816268558687,-0.30117380000936383,0.8336243706788908,-0.8578198266471134,2.8894453058504275,-3.088467134086228,2.872620561300646,0.12581265240215675,0.2711510156581086,-1.8168777157619256,-1.1710317563078991,2.169052333511755,-0.5587449878763768,-0.23473179797512378,0.11010100447467511,0.560777185002848,-0.24686077670233167,0.28772594640308613,1.2468963133401927,0.4208924197787506,0.10677264257243681,-1.0168493263643619,-2.9828074659383166,2.1111299004055275,-0.18692040015013217,-0.2505510762385353,1.8365639233260636,0.5300441320187953,0.08661832534221103,-1.1671036329587323,0.6675659030524268,0.624155267821117,2.1904797863290653,-1.5346433030924587,2.5727988693172907,0.025530405168354295,-2.69674342464078,-0.8898346165295795,-0.34531795583314384,0.8257072157313865,-1.8716952256928259,-0.7225184637978721,0.86203489436237,0.04931796729546696,-0.3198131255970652,-0.3989312816278153,-1.2704152742740376,-0.09265904556435209,-0.6090317865109603,-0.17406837761978905,0.954759174401332,-0.4077684969781179,1.9042869173156476,1.54250734827217,-0.226223142351613,-2.39152592887818,2.7965094575388516,1.871039732162556,-2.04250952358167,0.5970532805179768,-0.8720309674769289,-1.8152252281312156,1.9035029214199495,-2.00914254818217,3.2082543879622234,-1.1051028701856813,2.2277866043509578,0.5609545809568804,-1.4647691598961208,-0.11106012906928055,0.014496739327812688,0.23502901915441102,2.887385171610678,2.9076670093313295,2.8183440402974416,2.6402308330961524,0.27679697388562563,-0.4533156315320885,-1.6429095516938725,-1.2882749970685894,-2.0197538207181185,2.0224052420546057,1.804678358888003,0.9277914877687216,-1.4019399459979254,-0.6034710258373712,-1.2765357257952654,-1.4343519407631247,-1.3781836830583458,2.289458353843609,0.6203477879755976,0.05727437912978202,-0.45841082608132333,-0.35123595792386086,1.3135361567062651,1.1845037340107698,-0.27734100493526775,2.2471550724672538,0.2886670723009767,-0.147072924762518,0.21160024229519048,-0.5113474048610573,-1.0729437454839414,-1.843138106243251,-1.817217921899208,0.558089162464002,1.272249384364867,1.2102238772851346,-1.1246957467561378,-1.7248796639130093,-2.4575812426952774,3.195353575929412,1.3297890611391414,0.8990229778836607,0.28801122348993935,0.22870024231990488,1.8859843842667825,3.288741247203357,-2.3195326267054686,1.5447949387025854,1.1188337862743671,2.3515420246649197,0.20579508356490867,-1.18021423751521,2.0653924860074437,0.621551359441554,-1.9385595943781828,0.43042404410870855,0.46779845029434636,-0.825046256045376,-1.6506704732725406,-0.03374605194308749,-0.8927767688003506,0.9059770982852074,0.10277354292331844,-1.4055294155068176,-2.1885102317077787,-0.21458840322311534,-1.3040464219870973,2.811191052541482,1.506646795462157,-1.466661433359204,0.8205022333354592,1.0296270369603622,0.9554012466723648,-2.188400827273535,-0.21891319889213795,-0.6085481732182537,-1.8359873002350913,-4.22273815685759,1.6996302716610439,2.7985900938707036,2.2981712791276214,2.451622138299232,-1.7360595504672172,-1.0662010226317158,-1.3319099730620731,1.0730242378085635,1.541483940986667,0.5969008618587506,1.0371490555188656,2.224796918504206,0.015430883997155725,-1.1793511250029873,-0.742303380383021,0.9707130169138214,-1.5212739973696938,-1.8487184002394288,-0.7411516444438975,-2.131363769484569,-0.6595013996715472,-0.2564142469461396,-0.0003385742911866385,1.9949743730012341,0.028774087325624892,0.9107285359872951,-1.5533423440354166,1.4907206311489343,-2.1218526661932096,1.2273123474869498,0.8960272548132764,-0.1095101373419026,0.9164276215399368,-2.538304252493791,0.5325260510522981,1.0774743625327383,-1.1617586057062177,-0.16262802250777147,0.734827406352375,-0.690688574980547,2.905610265330763,-0.10634627395865007,-0.12796790091912724
0.4713525078375177,-0.17466451315756687,1.2286734567625806,2.100050546839991,-4.8711163372602915,0.02326620589985329,3.5860719369932754,-1.8831994891520571,-0.36836342322110566,1.0494342966936925,-1.0674430597793227,3.6279676415309314,-3.814756310659744,3.5390874696866668,0.13141610324779596,0.35051799781588855,-2.251982501509564,-1.4234107677460084,2.7427252554024855,-0.7248827215777729,-0.29735947991912065,0.143863839244745,0.6912749030145963,-0.25595147667011386,0.3687324889199393,1.539105871641866,0.535563762533053,0.15203680732564626,-1.2194716199508058,-3.801863333228223,2.673829396493331,-0.2162945316834687,-0.29226737419492244,2.263593569095053,0.6662319599488795,0.07306696811455786,-1.4697955085106236,0.8426381871088287,0.7644340535105278,2.7220479172554337,-1.9001103269289183,3.264481909404134,0.061429578598647006,-3.341277986768508,-1.0696456962490402,-0.49485087768925584,1.0320830307839688,-2.305753258692442,-0.8300374526934094,1.0921793209681017,0.040064197883524943,-0.4244021896871452,-0.4495024483976361,-1.6165281035624839,-0.1344195010246223,-0.8248180259429426,-0.27140106503831335,1.2473164984588658,-0.5233760885675354,2.369240542981131,1.860690526437182,-0.27825658495715433,-2.942022319452044,3.4638458794849645,2.29950596889956,-2.540345997645355,0.7531277332813732,-1.0355926328480787,-2.2418449322801113,2.3714108470716146,-2.5488214586369407,3.9558489224022364,-1.3717881363095896,2.7781578516318537,0.7107533121302155,-1.8416342872718163,-0.1085208477060671,-0.021170167579328,0.35349549529926694,2.9076670093270494,4.155746242802414,3.521667233977267,3.256859559293077,0.25960526589897204,-0.5471525224797515,-2.0593526082825453,-1.5848719819671295,-2.4957435577322657,2.5157689294817644,2.221393166160829,1.2238910991357608,-1.7267965431150993,-0.7211657735025395,-1.5460332729131927,-1.8098249419871701,-1.7081852549591716,2.8579875385712237,0.7873340149703757,0.07215463588793136,-0.5910594510985523,-0.38560797846150685,1.6783420150895427,1.4401030543261846,-0.3608244030580875,2.752956062188139,0.3678016141768798,-0.20905169524939332,0.2810250308586533,-0.6031035977602317,-1.3680268699314428,-2.3035420686608394,-2.270063969985667,0.7145712864898693,1.6261248145528049,1.511890513041712,-1.450686362013871,-2.1958984961201176,-3.0870624314158457,3.9903591245554386,1.642035877565482,1.1503289469400633,0.3672706407930606,0.35777092125441123,2.329200401303317,4.152059545246932,-2.920868437749323,1.9300927440297675,1.4008956146802196,2.977264054326864,0.27279728578156226,-1.5046941315939955,2.588728513294259,0.7746830104594782,-2.4320341289566643,0.4766837764869688,0.6095890087865518,-1.0427607744218497,-2.0947657203508303,-0.060645469870903856,-1.1214209769069166,1.127918257547867,0.07574159447459138,-1.701578964411084,-2.7578851196521126,-0.1996741468107231,-1.621527753726141,3.5582836623756124,1.9175811988490177,-1.8474118329359837,1.0366355350767107,1.2844226883792136,1.1868834880476637,-2.751363897229453,-0.27604633711634263,-0.778410197255438,-2.311933639254091,-5.363727197418446,2.100942688474923,3.563006923566356,2.962032509691104,3.038377548741031,-2.2123500183383227,-1.3311406532282846,-1.6577550095618265,1.3482409851768273,1.920398942886116,0.7686740001191534,1.2952759085829422,2.7268779349856485,0.04058781411430899,-1.4607156306561042,-0.9855334380864932,1.223145942512148,-1.8790170782433429,-2.285311027677454,-0.9343194657422951,-2.6766214936645905,-0.8199659156467227,-0.32717627816551254,-0.0146216690621528,2.4637935397759834,0.08426528303214514,1.1435323310223184,-1.9953343254820992,1.8657141892465996,-2.6311274815247176,1.5277063588400188,1.1844357107113792,-0.1399132033318734,1.1220036889560139,-3.1704761455046304,0.7355329866398139,1.3173499663208366,-1.501029726056327,-0.22624421596523403,0.9277680281609538,-0.8724197517380685,3.650234227752895,-0.07852010152125352,-0.23691247388345493
0.43251985731254955,-0.15617790794377737,1.2070678680124098,1.997565999832411,-4.771058560620848,0.03891139681143325,3.462012456309687,-1.8314422809619604,-0.29469365249235124,1.0215819984988983,-1.0659882462459724,3.585359536425939,-3.7095942870452103,3.4748657787239208,0.16071152965375027,0.3437112182858283,-2.1778638276016817,-1.439487964146914,2.6595574459088605,-0.6904226818365701,-0.2917495577248052,0.1884387198565571,0.6889710397272499,-0.22756735132120443,0.38783132672298654,1.5008123417244672,0.4898790462432707,0.14799505825656983,-1.2114877027998316,-3.6419641583058393,2.5937630544258305,-0.23709932330946745,-0.28167134981364284,2.181155689690351,0.636801639505474,0.1093018114125082,-1.4135541347321485,0.8094207563424637,0.7785275145623843,2.6295722489029845,-1.8389393492615569,3.131291176018458,0.005997223712685185,-3.2685241186067198,-1.0714914751063653,-0.4328819311531934,0.9831363807114563,-2.279250632043564,-0.8436571540362675,1.092047428074392,0.04033243822239527,-0.39782388517360634,-0.48065766556824474,-1.576847999633013,-0.132175702823093,-0.7836560822878075,-0.1947538978929486,1.2138912954644236,-0.517408847142105,2.3011555901670557,1.7997708326482624,-0.26847415375264116,-2.8816876662044306,3.3675661591295065,2.2752509937361705,-2.5105954150296057,0.6886938844903033,-1.0225167828399222,-2.2089468168591977,2.2465703640486856,-2.441205875518619,3.9074625589602627,-1.3934503816872486,2.7030894964932495,0.6326874566273804,-1.8112442464641854,-0.15585126193509447,-0.004853292849894672,0.3197009873872202,2.8183440403018096,3.521667233988195,3.9784817334783256,3.146786564793894,0.2820119525203557,-0.5219524664576346,-2.0292028126863237,-1.5251079515083643,-2.4399370234483704,2.4820754180536095,2.192083278034653,1.1527748643759193,-1.70730866943527,-0.7082156466979379,-1.5300492114536894,-1.7712112443157775,-1.6379356145071966,2.825970997387218,0.758139533272886,0.08646220028403621,-0.6188386620401303,-0.3708418022823655,1.6827770562057922,1.4258567371280553,-0.312699652620346,2.7072480727812978,0.3633372957760012,-0.18493969182751618,0.28694920559714004,-0.6074554446939776,-1.344172657065832,-2.2331435219823303,-2.199528445323553,0.6959775852148108,1.5555484737032708,1.4304610347175672,-1.3743004790919278,-2.1391477627739706,-3.018777435505669,3.8912020997272188,1.626983687288611,1.158142310095824,0.38858282629154695,0.31759354883811586,2.2560043434502584,4.056434391273583,-2.8171083186565378,1.883564780006607,1.3592419816121808,2.8931372744747352,0.25524990461825653,-1.4216839683870277,2.510286928754638,0.8094107919061498,-2.3834640011929973,0.5331064166168857,0.5630759497064528,-1.0241397356317556,-2.0131310445406,-0.04453825881238521,-1.0417616459070995,1.1106718952344257,0.0248878256413554,-1.7463290986203022,-2.6570229576624858,-0.20278414696164748,-1.5579060581736146,3.456143441242978,1.8492707328095928,-1.8308821819080379,1.0025718298759654,1.2865413731541673,1.1736784999572745,-2.6751961798031125,-0.22854732459487556,-0.731372112385001,-2.279301845125656,-5.214181548923206,2.0316174108206324,3.443674486445037,2.858662724995991,2.992513087888877,-2.124694916725912,-1.2928257222193822,-1.5887457555775142,1.2978871995843455,1.821162773877121,0.7342642479669,1.2561807019946591,2.6853146931131855,0.048290783367979935,-1.4147072768140716,-0.9671513965371117,1.222056342616747,-1.805629082404122,-2.234592942400173,-0.9357259372449115,-2.61261531821904,-0.784061070861552,-0.3260808423409218,0.05245929284754566,2.38768359088384,0.05771248611523726,1.0748795331359517,-1.9619815927305693,1.8638943992569763,-2.621655331580474,1.5166172959710125,1.1201911082142486,-0.149945008507271,1.0786442239020244,-3.1343374339319188,0.7233932338122618,1.274911045277526,-1.4570443000902538,-0.2097199429246641,0.8820168070267823,-0.8128915611904898,3.531389187476038,-0.11616460926614562,-0.19488690553999616
0.4038075829683492,-0.14425347584860265,1.1308808579478975,1.8470547849072865,-4.330631872439078,0.030798700672308055,3.2046002102762685,-1.67371381816294,-0.3053602707756759,0.9558846133238919,-1.012640901387036,3.2701334773018216,-3.420166199630286,3.1628428956013774,0.11934578725628349,0.32603416317470185,-1.9951436598337564,-1.2770334633868148,2.4373717118034524,-0.6267099327514943,-0.27572187925409175,0.1593704334216029,0.6243318610707069,-0.2103097090817153,0.346101350798932,1.426239592311613,0.5075619654675031,0.11446475402522907,-1.1174897108592763,-3.3258602078545927,2.3560814613011316,-0.23655709504939626,-0.30613424777545273,1.9983666105063511,0.6468234967101725,0.07186808063534651,-1.3050216670344201,0.7772789732086886,0.719997481083366,2.459681626247481,-1.7050179760958513,2.9027333847048586,0.04997400479757383,-3.008527192856829,-1.007170412360513,-0.3639327409520128,0.8962415532187794,-2.0904945990694825,-0.7477967046274696,1.0082109077121229,0.005472667253910643,-0.35454120128960764,-0.3897362627857782,-1.4675831242170432,-0.12681905848262226,-0.734148697471993,-0.2155545571269711,1.0879613369677257,-0.4350534330698428,2.1108688127384436,1.6544250325266134,-0.26495452708802336,-2.6930971608162464,3.05567978933501,2.081806188794084,-2.3244253994910697,0.6573696894523239,-0.9612311869784902,-2.011269753281712,2.060850753983201,-2.2740912729862184,3.547034850542913,-1.2929837772737005,2.4803682902201407,0.6149526486077432,-1.6483320345933754,-0.06799424215618712,0.012618209310315591,0.2749907900248624,2.6402308330892406,3.2568595592891687,3.1467865647800193,3.486460593733023,0.28697520353499145,-0.4880780750758452,-1.8668752903611825,-1.4098777925755535,-2.247777816809337,2.2851543195196427,2.0288170685570193,1.0723352339388645,-1.5146000078859285,-0.6520856259574693,-1.3849430432682535,-1.6111685259685982,-1.5294917626922466,2.5740812378608324,0.7244588871906955,0.043085836429729504,-0.5266576100904498,-0.3607404394021433,1.5347962163396989,1.2972375057161776,-0.35441021401544043,2.484486789460747,0.32477846685011125,-0.16453109247487513,0.2564924997194386,-0.5121817095345618,-1.233000192461747,-2.0889038107184894,-2.0073123376988247,0.5936189996747513,1.4169831215172564,1.3245645399711745,-1.275451248419235,-1.9328076626744375,-2.7573324461536033,3.56581259212447,1.532119570064989,1.0228795048807278,0.30379789638172494,0.3271205860533331,2.107655476007975,3.657945642438699,-2.6403248827158974,1.7451372870598685,1.2752398170602603,2.665819366708809,0.24290413075288192,-1.3316464149852179,2.315595217003686,0.7119755691691407,-2.181872200289167,0.4699778181767619,0.5097039140839439,-0.943116722775586,-1.8615502747231452,-0.004213801385406196,-0.9630162049553436,1.0148440730748602,0.09139391432152907,-1.5630898764541408,-2.4988560588949196,-0.198917823261992,-1.4516148622056189,3.203270287539966,1.7456457658864837,-1.6953493883995276,0.8996239501144399,1.1803153155811599,1.0207877668674605,-2.45451020471617,-0.24405553347993103,-0.7032944644066369,-2.0421321612349135,-4.769312959087988,1.8881525184467314,3.174125674404071,2.6411176950020634,2.7323663353276713,-1.9618072755443918,-1.2241753906580874,-1.4356833913754858,1.227774365007329,1.6854530053325643,0.7241595118713018,1.1426257186598687,2.489345936539523,0.030480972624277788,-1.3324624543762018,-0.9099727020628808,1.0907820306388227,-1.660460242818423,-2.080562786641181,-0.8867437701300096,-2.418996339424006,-0.7089188775820765,-0.2940990614723785,0.02641091114852684,2.2056218427738328,0.040556603899032054,1.0035034652931833,-1.782300482889637,1.6720952881614672,-2.376629254206348,1.3667394515801792,0.9971462832914944,-0.15773485575438123,0.999838461536337,-2.880809916000164,0.6078514902961832,1.2171216836847654,-1.3374657912598846,-0.17502372909928932,0.8296999997989726,-0.7912684515588599,3.2778442788864823,-0.10027612031775182,-0.17976283811595764
0.03352117753797003,-0.038895888262381384,0.06342640833819185,0.20945078786730806,-0.41464141193107573,0.02744705005074599,0.2962760868514135,-0.18045841751770628,-0.035381826226486,0.12187026213707626,-0.12637138050141586,0.32879368883017046,-0.2859034502572705,0.29309225361008323,0.043788269973895025,0.03907253253419191,-0.16015233736008846,-0.11358459502954704,0.20823512063506755,-0.050962278744243056,-0.06268808304458813,0.03282764764042995,0.04834528688324427,-0.023435683590215486,0.03477250818461551,0.11025592932823106,0.04068849716919033,0.017134705189968343,-0.11461020263775731,-0.3038908433970006,0.2422952324230842,-0.019692620022221673,-0.018562554707361466,0.16934086980429655,0.04277200122023395,-0.03653705022881977,-0.07138292826487003,0.06137550163409496,0.05940204019311091,0.2163043296658036,-0.13869187490419096,0.25111957411279534,0.012587369425800528,-0.2944841910275823,-0.060977229627554294,-0.023147300786259685,0.09387560935042774,-0.19091330761215677,-0.08322486391146976,0.11602278000742419,0.0024835489494486,-0.025799819297029167,-0.046602456647912904,-0.11955235123948377,-0.02248723098778012,-0.04619182928732836,-0.025801618060606227,0.12339861498808753,-0.03868513011946994,0.18759584627520218,0.20510660610658257,-0.04280223189593645,-0.23850525864562305,0.30789606716613116,0.20406304792184174,-0.2305805950580947,0.0774622679119959,-0.11516544071998275,-0.20307001568048763,0.17605416931929257,-0.2295795989939317,0.31567696531203104,-0.09472365789053827,0.26782021682226254,0.0996154962008883,-0.17878225464383765,0.006600735961661405,-0.022481726682270175,0.045997161025046834,0.2767969738885128,0.25960526590328137,0.28201195252349837,0.2869752035394771,0.6066626209464792,-0.06779221276335265,-0.1798930450016175,-0.14471563464815215,-0.23258667258838622,0.20338480430980652,0.177363960750689,0.10403054801192965,-0.17963536166865457,-0.06519298504981744,-0.1300242395906894,-0.14876127146556475,-0.14495594913945187,0.2319456224200036,0.05726177818662501,-0.023907929323964742,-0.0595797286625238,-0.06389048087238544,0.1418271132165013,0.10479383123672045,-0.014023090361345473,0.21805763906659698,0.04280743506017739,-0.04306247035345773,-0.01548297820500501,-0.04784201673027671,-0.08226339097422296,-0.2249688828297566,-0.18429264774884285,0.03296769106963559,0.14372392716877141,0.10401551271829183,-0.13970896375889985,-0.14713432505348836,-0.26643558117542976,0.33999286089786807,0.16325392266036798,0.11848851475758991,0.03293023224528485,0.00683582844419218,0.1810874423939441,0.3693694336507463,-0.2511452909010764,0.16771324858593892,0.13016500878832718,0.26360354391207397,0.007326403638480701,-0.10205978288411356,0.20664766145845803,0.033356212080825814,-0.23497351314821446,0.035117043655943585,0.06445162203531152,-0.12174833698172961,-0.1890794351497483,0.009338843252641331,-0.11258250287468505,0.1021998659231934,0.01357179535111051,-0.12848999392161034,-0.2318618601124033,0.0030716326621525575,-0.17190413933300647,0.3236273732252169,0.1618312686197735,-0.16146273508517667,0.08691233145139632,0.14210602884029008,0.11012649480731909,-0.2181599668970173,-0.0688106674139038,-0.05600627119551103,-0.18135305385778247,-0.43405905253189214,0.200687360445145,0.26873304869769465,0.29122886683252763,0.25566877435033813,-0.18235672885027818,-0.08454844879219135,-0.11497968310538831,0.08795536096729656,0.09794231069359274,0.07373161882994732,0.12105101864826298,0.22391903953061892,0.009026066612709818,-0.12854106246828648,-0.09467069286432649,0.10034123266166008,-0.17522205075218192,-0.17699196370060327,-0.062143898746972355,-0.23534956145003244,-0.09334167334926474,-0.04493581575682363,-0.019809970350923477,0.19914932959517956,0.02001874382825794,0.05526061141943219,-0.16924972985766573,0.14364264448017036,-0.24270381172315908,0.11533222466619122,0.07760789513053765,-0.00991981320420776,0.07934548988880687,-0.2973902973106668,0.02875621372372697,0.11157624980999213,-0.11459407848659788,-0.04653282448260094,0.08656831169022045,-0.04226529234677841,0.2902601496105,0.00819367550699446,-0.0296351739135421
-0.08047706433219934,0.03425813971232947,-0.2240541300379573,-0.2804156230095844,0.7156936996244908,0.017220586987165457,-0.5404095116969383,0.2599272091334136,0.09157544802813936,-0.18766334784944477,0.1508490956412286,-0.5959476972873652,0.5752306907937487,-0.5361213661790798,-0.07160041568022578,-0.04744125057516378,0.33911263591984975,0.19049171366929013,-0.4290057233678336,0.0961113550836267,0.044798029025386286,-0.014821038835545572,-0.09726044826726378,0.047519404652650324,-0.08261678813382692,-0.20463880800261858,-0.07030126594331608,0.006747523349112654,0.1834051521880557,0.5094329655245423,-0.4116699588267081,0.03856187835481549,0.0632600676118866,-0.34320712430180045,-0.11416284198672927,-0.03172723877235892,0.24003279399842337,-0.10718253323674001,-0.08908307464462835,-0.3947171576412148,0.31057087630646557,-0.5134725310248007,0.012791213260129573,0.5088284534204329,0.1353958749259013,0.07782851547061787,-0.15061569741623942,0.31976317908841706,0.08409967725163267,-0.15276062099285456,-0.01124569419203576,0.06196877843414142,0.03031018796134386,0.21601567235145852,-0.006743476456142614,0.10951771353823647,0.057526541305463856,-0.19593429032333196,0.06049243548066662,-0.3642055561437226,-0.25158791731786895,0.03318162972365131,0.42012630343048735,-0.49229364386249097,-0.35970391075209185,0.38379414280432494,-0.09802071179993309,0.13978894566247,0.3152939317516559,-0.3629533949105925,0.3862143217162718,-0.5696388717407832,0.22047477818665365,-0.4324346637097801,-0.09153318000891213,0.2979154493579802,0.004607588480937841,-0.0344808533728435,0.012236553076991955,-0.45331563153603716,-0.5471525224856162,-0.5219524664620783,-0.488078075081641,-0.0677922127635868,0.6363389623906657,0.32282584074922993,0.2656230696278233,0.3749073733173358,-0.3915159868244513,-0.3274204299569947,-0.18134818782573164,0.2871794061600999,0.13464048403918813,0.24316669380077144,0.3243019326692033,0.27458096670348625,-0.45370222408022404,-0.11481110774507092,-0.0014706681273459563,0.09159218542332477,0.041121978838029205,-0.2586323039031563,-0.21341794541259512,0.04546113315788505,-0.4182175011174368,-0.03822696360251012,0.028959513344125023,-0.044068693629695135,0.11519563022181681,0.18572474840394482,0.3624443344836352,0.3688747734871889,-0.10277575559676755,-0.21945690977046284,-0.2061792584749151,0.17701039195125193,0.3340393958777998,0.4828291215459877,-0.5938351908487046,-0.2705189997144108,-0.18330781073848243,-0.03323538980479717,-0.07148842753680777,-0.3076065210566418,-0.5954390791963966,0.41067441873628546,-0.2722552477257911,-0.21638639182407665,-0.43489014469652076,-0.020891870143661003,0.19097016064109099,-0.3515814263895721,-0.14739360267580115,0.3473769772481283,-0.05776336660882098,-0.09759664659559758,0.10877795476702483,0.2821218967120278,0.015948624557341452,0.14773740383266834,-0.14987743351562072,0.0053795442777946866,0.21627629357787978,0.37390085427093833,0.04543403941559461,0.2313197848695217,-0.49055153464906837,-0.326725393234702,0.2688821457485417,-0.1293228490173794,-0.18315621699182227,-0.20527869756056133,0.3936509505187979,0.029226372725904393,0.09618732367859954,0.3492699001730501,0.813728918472032,-0.3023917602542178,-0.5252063871641569,-0.43408169787785056,-0.5046026266787695,0.3163660652284121,0.2235673939562095,0.2696544470503005,-0.1963401652442877,-0.2773434755407794,-0.08381692015307261,-0.20064467050660184,-0.41201379829295287,-0.032643877593804195,0.22414490589797387,0.15576708873998119,-0.19370048727911596,0.28906480252174827,0.36825159581480627,0.11294631104544312,0.3781977925323011,0.1118012687738841,0.041250428631584006,-0.0176803211934293,-0.39795011185334594,-0.010842297153502585,-0.1749938395493364,0.30639447365297495,-0.28786798363319277,0.3742204760299169,-0.2490492239760491,-0.19977960140386197,0.05050081630677219,-0.16607255748199082,0.4731174236162606,-0.08607818631080423,-0.18338457406975167,0.22932677723995226,0.021083676785526556,-0.1559264622796305,0.08972042639707721,-0.5513994915790291,0.015193085848672442,0.01482040720884045
-0.26662876435193994,0.08589618555515852,-0.6659902611867007,-1.19733072370884,2.7877298436936653,-0.010839826279224016,-2.0977659559991855,1.0605825037363237,0.14163048943202555,-0.6109243961240931,0.6099020941716188,-2.0900321041078107,2.182570875005315,-2.0336285868565116,-0.10859831730313452,-0.23942688876290494,1.2493137773222347,0.8208013095216399,-1.5608026383772284,0.3782191413671034,0.18731343057459093,-0.07300145634526309,-0.4001826568817365,0.12676853673061766,-0.24596571308321888,-0.8593767318294476,-0.32045239899400135,-0.06153033199304142,0.7055090367285344,2.0880712941761734,-1.5163966859261173,0.1443121034424299,0.1919153384533109,-1.3036370431526088,-0.39967020200210834,-0.05858941984481651,0.7967346273744449,-0.4487307329928672,-0.4159417439550613,-1.5623429696577895,1.1251000659504196,-1.8570643331614574,-0.012990294381979572,1.9478575194578105,0.625546303428999,0.2874441020988382,-0.5621318805773641,1.3084351349769983,0.46793986458996895,-0.5982759150595869,-0.03850453647912706,0.23318736823119257,0.27877915068747783,0.91706766539007,0.10934431197543344,0.4517793412898614,0.12356154134357356,-0.7077472324081409,0.2999622123687907,-1.3392467904927823,-1.0489993721982844,0.14516226981390407,1.675277748592264,-1.965436402911613,-1.3288606922318176,1.483923208926932,-0.45291329300056676,0.6114194346400039,1.2586270238770494,-1.3372233972568062,1.4463724788777543,-2.281835299913085,0.7701073960119547,-1.5977962141005773,-0.38866405160579937,1.0553031486772584,0.07167829062977293,0.00012133579629505526,-0.16110604232658982,-1.6429095516987389,-2.0593526082917606,-2.029202812689453,-1.8668752903718504,-0.17989304500024716,0.3228258407469887,1.7143651976500707,0.8984944752406343,1.4005366013643894,-1.4679203480975023,-1.2749255201759941,-0.6639933013010847,0.996329251044928,0.4200278408440746,0.8560499033943038,1.0302814562802525,0.994423509136205,-1.6758321762089212,-0.3964193653489056,-0.015236923934831004,0.34117986575291825,0.21420402068527333,-0.9587376890991148,-0.8587782147855854,0.18648098169189184,-1.567695005176555,-0.2217730739089564,0.09784608722177203,-0.18241161473707745,0.3532042971117317,0.8225704960960045,1.361310986363445,1.2563073416338262,-0.41760118292737436,-0.9303500283570776,-0.8924793378181868,0.8325579854667551,1.2380149978727395,1.7547368473496399,-2.264006677171295,-0.9297006607931607,-0.6600819024372281,-0.21845512808603393,-0.1986361704520397,-1.3245111095961597,-2.3566470026617283,1.6492114743311048,-1.1042620566742114,-0.8243176785453641,-1.7128000923986435,-0.13841714408715697,0.8581252088934807,-1.489186253424228,-0.4518573704361162,1.3791176827238842,-0.3114296114894143,-0.3797367610236187,0.6362967071790543,1.1715337186650032,0.01730057768451991,0.6506662149776736,-0.6501262585920192,-0.048602752446939006,0.9916030934818365,1.5718680478846667,0.14550984451508678,0.9239132283047062,-2.017322045284394,-1.0864376972024656,1.0361531717585095,-0.592775502832186,-0.7489467385162233,-0.7019798430897136,1.59118038283089,0.16013159446373293,0.3892957331099217,1.290928775229801,3.005784340367996,-1.20938520082338,-2.0512255877664347,-1.6633445450284996,-1.7662202978656987,1.2935700600348778,0.7883251162321472,0.9306524100522015,-0.8228414534389489,-1.085141975726473,-0.4399654606085615,-0.7267072940919199,-1.5848040460886132,-0.014441989320585725,0.8570977732325084,0.5843066810769626,-0.7119749453359839,1.0866321224429019,1.2541140113820295,0.5386640925335607,1.5257547273251153,0.44748767243320003,0.20385061870151747,0.009971699447539076,-1.4346681273440194,-0.008531126562133534,-0.6867639003357413,1.0924808171083322,-1.0468767914724337,1.5071034082999153,-0.9297457211696141,-0.6616631697806172,0.12295087820442437,-0.6477551352440976,1.806416791695907,-0.33713429607348194,-0.7499273977770489,0.8543539711127132,0.10830102097625582,-0.5154436378509277,0.49101039261566215,-2.043720995852499,0.05535899054118609,0.10620296412071842
-0.18825410157868744,0.0794250089195842,-0.5206130984476293,-0.9184060017781006,2.1181823063890004,-0.043479091395076386,-1.5477359732361062,0.8042078423093224,0.16114007004002126,-0.4634938887546469,0.4527950555362839,-1.6051344415564675,1.699171404527639,-1.5579713769844017,-0.09677280141851205,-0.13219018563892962,0.9740038551361834,0.6542243072895789,-1.1957057478839122,0.3309306174547171,0.1252519655947698,-0.07248335595761633,-0.30798030615342487,0.11131685834024635,-0.15507103437335806,-0.6825870602944931,-0.20111385681216873,-0.06384980139206771,0.5511937011335647,1.6267725238265673,-1.1765707817369921,0.08598665306494399,0.109270134265922,-1.0231700107707054,-0.26535741306422833,-0.04610103073112737,0.6453098592798268,-0.34105125305113376,-0.35537976251182335,-1.2091758832309991,0.8475543077730444,-1.414940788910108,-0.033437002821627204,1.458610376077953,0.5005431430300656,0.1942360604976338,-0.47902320173098534,0.9888981444336863,0.35988231750321215,-0.4824250925882428,-0.045216066556555454,0.17494412044823796,0.18863846312753585,0.7169740150934905,0.04733642718061279,0.3683023208177045,0.10319892254339083,-0.5739768710099132,0.22980133062745609,-0.997892452552924,-0.8287161441788923,0.14048966855878248,1.283315519946482,-1.5187598448664006,-1.023378866703225,1.1153495738596877,-0.33997220878274365,0.4950317344010828,1.011511686409349,-1.0297322807173306,1.110363435835941,-1.744422297362372,0.5906632430716335,-1.1927279715810497,-0.29749988637940583,0.7956471943808693,0.005462712709457251,0.0028202329265698822,-0.17081424633542464,-1.2882749970646847,-1.5848719819645338,-1.5251079515008577,-1.409877792574892,-0.14471563464580606,0.26562306962488014,0.8984944752350039,1.2451428980835542,1.09336923498326,-1.1094832152406626,-0.9814677014403814,-0.4926049712136364,0.7172808790440836,0.33697082150573326,0.714171623572478,0.7595132577303827,0.7200578203197007,-1.2555300989519549,-0.3488030344908145,-0.016859026640164206,0.2600023408528558,0.18068871573675876,-0.6992851335453749,-0.639594233676668,0.14307084689100227,-1.1767261367051083,-0.14565636314679264,0.08727847109997611,-0.1380811166080246,0.2615971378671589,0.5910864395482957,1.0066276522130233,0.9723160006942376,-0.3225110647610822,-0.7374702363904732,-0.6023307699107812,0.6177028515663627,0.9448800014885299,1.3530034703284397,-1.7117765950936925,-0.7264369706983983,-0.5106360561821892,-0.17275811418787995,-0.1822891167466743,-1.0302443985089877,-1.7731932864327489,1.311167833247138,-0.8432183093016815,-0.6261314714164872,-1.3065734439634147,-0.11216912381110347,0.6399423102371479,-1.1292419400066294,-0.3085207563058298,1.0483527395412375,-0.24656689781026292,-0.21987343957920197,0.46341924605727214,0.915096939569373,0.029921020370816606,0.4916126246131995,-0.5131837564893494,-0.04023693782136405,0.7629399713946191,1.249090195752097,0.07672213511576977,0.6539211852673827,-1.5381868364252065,-0.8408704137050179,0.8170437750211111,-0.4398845675321899,-0.5596966939108142,-0.5329782749386571,1.228863213449305,0.1054086135607836,0.3131439332570823,0.9821844144727772,2.3170567460649147,-0.9400285483172691,-1.5407965946483517,-1.3508387521993015,-1.3730931771149373,0.9446572191230248,0.6014009122287803,0.7427864272691721,-0.6488655356781237,-0.8133727414428343,-0.37515145062058,-0.5867537977151497,-1.2080675923641786,-0.004682603728799213,0.6498843656039541,0.45097704807352046,-0.5663440302499825,0.8010417234907419,1.0039390167086746,0.4139077378613029,1.174397278937411,0.32888622974954884,0.16176166246964896,-0.0064772451532551095,-1.064211867087221,-0.03544276681618952,-0.4677860522736021,0.8621520670861138,-0.8149838094807194,1.1452840986928015,-0.684763159922838,-0.48266963405308183,0.05700615836372929,-0.5085562719270937,1.4428738043227358,-0.34217410719764146,-0.5882154298865893,0.6567445328487497,0.07104654850938655,-0.43254163061665585,0.3794669046017549,-1.6139278153154675,0.06714496621305752,0.06660642151862141
-0.33167407190535036,0.13306379088875595,-0.8602863392718743,-1.400345239566022,3.380437736586442,0.007009410736332064,-2.450705359597841,1.2953551065549156,0.2297328282387262,-0.7454938995320545,0.7789571258019743,-2.5326094649633553,2.628141461605865,-2.4517119830713634,-0.06937459641932904,-0.27445347307357915,1.5052811015880407,1.0130682568171359,-1.8804976973322516,0.42878901001791625,0.20636853617416984,-0.10285332120033243,-0.48858106896584064,0.14758871262908302,-0.2520652161878901,-1.1160299248194907,-0.3750751860569512,-0.09555780771731909,0.8339961087468671,2.5719176530537027,-1.8579907867227006,0.1857308022217905,0.1966874826751353,-1.5779109112393122,-0.4413008437028144,-0.07726565759570071,0.9749389976274591,-0.5510359803767174,-0.5503696983431624,-1.8887135873615413,1.3429323632403776,-2.24577590492885,-0.02045129230131995,2.3584664480280972,0.7579773465947172,0.2889683274356674,-0.7074859157307577,1.633389177663707,0.6191890864847024,-0.7870717435001351,-0.0399177403083813,0.2811955517430886,0.28603346648335426,1.145686818660791,0.10494359386668073,0.5651619174194202,0.16308578952259448,-0.8852718361357417,0.36426307088618837,-1.6381542063768069,-1.2838729311144308,0.17390386516971412,2.0407242539296355,-2.368917994189464,-1.6427214808716513,1.7557862967864648,-0.5283904008116636,0.7127671423725312,1.544461260022927,-1.613068771605669,1.7701531581152732,-2.7559336620492587,0.9694882894211072,-1.8906221487256094,-0.47292078245212554,1.2846096973438337,0.059830565501385435,-0.006708048121487467,-0.22863078015703017,-2.019753820719636,-2.4957435577379825,-2.439937023446218,-2.2477778168174325,-0.2325866725857013,0.37490737331367296,1.4005366013607499,1.093369234987803,2.3430776099766266,-1.7385293427017832,-1.5438387973188297,-0.8363160681928364,1.2246173858190863,0.4916132794241309,1.0730086260382214,1.2392530164617555,1.252004638578919,-1.9895753464191488,-0.5632946218052282,-0.03150090218449694,0.40907953105876055,0.2507640174572895,-1.1589082797060735,-1.0413645130244513,0.22807240100770312,-1.9239665099914527,-0.26890276897841237,0.13774291358804627,-0.22176831954070056,0.4278572721097422,0.9371158257415793,1.5921859264434224,1.5908400954859414,-0.45953376867120344,-1.1284426510945202,-1.0332757221903102,1.0019847055989863,1.5007352226984343,2.1302343495794447,-2.7776690611560912,-1.1242788532879187,-0.7943066704819041,-0.27932778599162394,-0.2436070594995836,-1.6147382434326056,-2.888044637277536,2.0050441631613176,-1.363155186472284,-1.013262749740287,-2.048293137535493,-0.17781582896353226,1.0195642113462862,-1.7926751867510815,-0.5497081287055954,1.687809695681274,-0.35680144840997546,-0.4195221736643762,0.7259695057291848,1.4467424624792478,0.062271261748612965,0.764460114469331,-0.7764025963466885,-0.013624985387399619,1.2090281923755852,1.9054603449570882,0.14814479259381053,1.0986971217962138,-2.4815899775607724,-1.337084860229884,1.2983658186950788,-0.7099373541713216,-0.9110828341925435,-0.7728645600376679,1.8915224236854749,0.21070925969459134,0.5237334229454955,1.604705589711538,3.6933755263696217,-1.4557961140846147,-2.4635832696234408,-2.015593368397676,-2.135188713361132,1.5507452031490965,0.9071955104142904,1.0818524067916835,-0.961150761350216,-1.3006219903851202,-0.5628176570552049,-0.896425200730394,-1.9685684647228847,-0.04967574498895524,1.045556249110977,0.6685994191598553,-0.8407876772164757,1.3004601631948143,1.570349072875189,0.6447755314787965,1.843193456504199,0.5268476323764257,0.21320646756293726,-0.03616296657442594,-1.7174238429966164,-0.06331631162988519,-0.8148679302575309,1.366621509172924,-1.2907406505568508,1.8315645905422606,-1.0582813450676358,-0.7522408019768381,0.08733532979952813,-0.7852102399747946,2.2480129670245548,-0.4654711164640056,-0.928855255871205,1.0524058968444385,0.1230238362646047,-0.6577879872049475,0.5701323937484503,-2.5623399425110973,0.09092116016342944,0.1633075384324555
0.32620287825187033,-0.13207999292773323,0.8535420895817171,1.4600555711730892,-3.389714276505926,0.021636972192549217,2.4908445974019897,-1.2994681332609215,-0.2563039899609891,0.6799790108537171,-0.7673023464072575,2.5640315855888653,-2.671642672472285,2.4789000761956212,0.08772072921882183,0.2348019591234874,-1.5505692899975707,-0.9717502580947013,1.9045524030604417,-0.5125472581947932,-0.1825647678358481,0.09664248554189851,0.4835385601798842,-0.19120905205473432,0.24336343346409112,1.0521775188499234,0.37438547500516595,0.061468618245641024,-0.8819315591952704,-2.6236667734728565,1.8728081129386271,-0.18051530546280764,-0.2232132692369013,1.576003965972187,0.4479589974631355,0.04722747488699101,-0.9962144945511571,0.5959172583166354,0.5940775936079292,1.889199585736953,-1.3588481126130105,2.252483604713503,0.02385446119152662,-2.343598366390844,-0.7539158477176364,-0.29579956087900644,0.7206473236131802,-1.578857353392548,-0.6005153941841854,0.7903575438024787,0.03965055632267778,-0.24395414114559869,-0.30592097860896394,-1.1582929030951479,-0.05887609261672606,-0.5768776273813618,-0.15656452416526806,0.8431164913466286,-0.3839610879328386,1.6013308549953955,1.2915443801005797,-0.1978375832255077,-2.0271090312466895,2.3999504564568186,1.6355208361539524,-1.7579639616768519,0.5139044881906714,-0.7156948277011446,-1.5587116571134128,1.628911175972361,-1.7437408103215433,2.775152730266018,-0.9780907874477593,1.9200370843731265,0.43204181366718875,-1.2802096290301161,-0.06940003392257231,0.006311529547631648,0.2404175146642067,2.022405242056694,2.5157689294880785,2.482075418052414,2.2851543195280217,0.20338480430759154,-0.3915159868213639,-1.4679203480947485,-1.109483215245199,-1.7385293427023127,2.291791714679844,1.5951510431550568,0.8073548940048949,-1.2346931966584864,-0.48354805379486504,-1.0677382695666904,-1.2837051089195046,-1.1958347288284725,2.0071095386270046,0.5249151961576906,0.056329055974578254,-0.41309090493048506,-0.2836459636952159,1.155567458962511,1.0526629322759113,-0.22036358231108835,1.9084452612274387,0.2681945900136436,-0.1299855313323559,0.20260039438129815,-0.44118387606315135,-0.9577117976807803,-1.628420943084394,-1.5417213196957955,0.4340434970943315,1.1099170218614451,1.0369812789155328,-0.9956587555096156,-1.4657124605326899,-2.1588946424239004,2.744095073239565,1.182442022611823,0.7990299145177179,0.2550352298834183,0.21061881416352918,1.6153478665072838,2.8559439702417153,-2.041204897807356,1.3735926822075166,0.9731692429023914,2.0861750591905586,0.20384368064358338,-1.0324733580043692,1.796914900435435,0.5545888292667921,-1.6850991349866071,0.3266894985775749,0.4327566966517382,-0.7507269376262816,-1.4731274825948766,-0.07027634079489653,-0.753448832978026,0.7787571006027628,0.015679221360520544,-1.2482798943605278,-1.897485140026718,-0.1360905814483227,-1.1088881258418437,2.4834204960451975,1.3208988648766977,-1.3314121544417925,0.696258397073492,0.8854631144972914,0.8629057407411673,-1.874683469462326,-0.18698886490818828,-0.5338300409970584,-1.6067200148429464,-3.6979279766584816,1.4436236123292872,2.4727772266742147,2.0617408599494396,2.097833929667843,-1.5646144270477442,-0.916606607957684,-1.159353707300021,0.9642296235482688,1.3247210102020717,0.5526516261857891,0.9339743122807208,1.8879516797589766,0.01252295659494829,-1.0148174595130726,-0.6832362031296457,0.8459341510898885,-1.3444402090497172,-1.5475811881138954,-0.6587597279968045,-1.8550359429241507,-0.5638761505742299,-0.219471512224301,0.011278558326117266,1.7501785489836112,0.043690643045964,0.7602989545804882,-1.3725691446739572,1.3031452859598778,-1.8693397039040405,1.0877650213826369,0.783078952500911,-0.07176516162025737,0.7789042655129392,-2.2350641217570435,0.4701798187034992,0.9352139691819106,-1.0387542696791368,-0.15878943641000254,0.6333962141204129,-0.5631428744739847,2.5210273618646863,-0.0901319542651567,-0.11038615135389754
0.2964776846109578,-0.11467431719212313,0.7797608851061071,1.271482180108085,-3.050782578988481,0.058540358412206187,2.2229555248638175,-1.1838957492015953,-0.2098870313876236,0.6714697564535008,-0.66059811573769,2.304653010061569,-2.371846398045428,2.296490295817798,0.06301482068767239,0.22826286776953292,-1.3925179491876756,-0.9108450077099408,1.7098785022935712,-0.4187572659696213,-0.17748970247231136,0.11005398880227898,0.43090956412139514,-0.1875231834292146,0.24628055920926759,0.9465093253515627,0.3142408139228546,0.10105191813765668,-0.794720186046667,-2.3276828807270946,1.6205966824491262,-0.14632178844724728,-0.2028017755347259,1.4241472355777307,0.43145043440431946,0.03933502732262682,-0.913865498074962,0.5371296332904704,0.48028065357367,1.7105476461897022,-1.2135505258706265,2.040669931276824,0.04624000275207437,-2.10257798121395,-0.7019103788656288,-0.2578779653861019,0.6524779084260904,-1.4998270068840456,-0.5352279001182821,0.6725662913006303,0.008009480761086901,-0.2758572470956734,-0.3079229896389627,-1.0198151742383774,-0.07065998988536382,-0.5225174761029285,-0.14771003865446436,0.7513318858359124,-0.2913348020141258,1.4478235924009437,1.2237984589146098,-0.18337432189665778,-1.8745999141523944,2.1757291724817986,1.4530930563759776,-1.6025893875457424,0.4559037543098489,-0.6452908597665754,-1.3407834787150705,1.4675696927648796,-1.5714394008529808,2.477531559493438,-0.8713375428710772,1.7328739858446505,0.40430471220153563,-1.1682379961462166,-0.08720148933330461,0.0010323268335103268,0.1857382113373028,1.8046783588882622,2.22139316616458,2.1920832780313013,2.0288170685630758,0.17736396074816166,-0.3274204299535571,-1.2749255201719443,-0.9814677014438495,-1.5438387973178056,1.5951510431536209,2.0089873676852052,0.7289230499703161,-1.0676431713954027,-0.477052164467341,-0.9581452945432375,-1.1859685356871505,-1.0496985639286565,1.8352124031268922,0.5001135189906857,0.051827186302504505,-0.36461665409708416,-0.23152232180627236,1.0613955708738874,0.9027307972241627,-0.19265975180361242,1.734412922639698,0.21355217802854687,-0.09870190697146715,0.17636442813683104,-0.38998257010104387,-0.859515188333482,-1.4456151359846192,-1.4550794048717057,0.42038164910191966,1.0264837743940218,0.9020170471136656,-0.8893515294730563,-1.381981078696591,-1.9208442576455587,2.5307926442414574,1.039999735251796,0.7163304870108113,0.20784029260050285,0.2092256423338679,1.438615928671423,2.5628669679370453,-1.8148144490003442,1.1875450455030936,0.8638888842540767,1.8791107134952911,0.1372160152704883,-0.9350940424732885,1.6798655686633455,0.4720880227698917,-1.5162936811593646,0.268454984370942,0.3246403369523234,-0.6407941925757221,-1.2761758093926365,-0.055403607182331116,-0.7080868350199869,0.6918687165907091,0.026115237381943247,-1.0947889015864276,-1.735303059111171,-0.1471381199747295,-1.0118379860673663,2.2298691106741084,1.2256602388865472,-1.1493556311187654,0.595848635136036,0.7698248418591273,0.7474090365461463,-1.6999741887339306,-0.16469013555151588,-0.44362338219861897,-1.427059974847325,-3.349279762331775,1.3030512778679004,2.2476941247149407,1.8243374006492854,1.895405261644018,-1.3762972785559335,-0.8450135049733986,-1.0113136105270437,0.7888157291683002,1.2007889756152565,0.4831382906030218,0.7949454890343722,1.752081170128291,0.018200487737282403,-0.9322184221657251,-0.6285243464944303,0.7909515361765236,-1.1707797369783715,-1.4356474933122845,-0.6060407929105444,-1.707114861324196,-0.4978424135513206,-0.26076325087498664,0.01870678564146458,1.5372272391767605,0.04284311653930936,0.7376208593545344,-1.232322691693532,1.178976748874892,-1.6524820472353496,0.9500598609720765,0.715547958748166,-0.062152706683315025,0.6935116049003406,-2.0175424957741623,0.4130952488636744,0.836167539927771,-0.9075183748734604,-0.12900658933499137,0.5786564382446323,-0.4993516958009988,2.298202556792704,-0.06404390316037731,-0.09873346880974186
0.14767367901283923,-0.01048736321230289,0.39076426131205344,0.6633927297917244,-1.5881720628567049,0.0005515996699276735,1.1539817741394283,-0.5803899684109297,-0.1470377075267383,0.35053140627191953,-0.3470187026534615,1.1716841895731387,-1.2518929467625974,1.17367569496745,0.05296159783307331,0.09701819728837172,-0.6595078376346974,-0.4862864520448558,0.8514609150330484,-0.2362514555047836,-0.0901410397230113,0.04045644419885274,0.22322159847697798,-0.07547155288376085,0.11586385088272398,0.49535068063686594,0.15630967466579557,0.03990822999133227,-0.40871480653913167,-1.2101516819612632,0.8335563212558819,-0.08297964591079421,-0.11322117269024114,0.727707618981653,0.21784900967414497,0.043083256302947404,-0.4399750895599368,0.2419651397806672,0.2777929565743792,0.880427994363664,-0.6066100018932593,1.001277831957366,0.047784584817902064,-1.0607771680009697,-0.33953038566714405,-0.16240200116026998,0.3384791195402537,-0.7275991666538332,-0.284186894594849,0.34619729305323255,-0.02077639567768335,-0.14319427826443476,-0.1386568391308096,-0.5036727739985113,-0.05163473020471958,-0.26302734620592255,-0.06228649700347247,0.3814975663566091,-0.17288120967380963,0.75585857389415,0.6116077359911307,-0.0960129440234976,-0.9496593266008587,1.1017638973178843,0.7927971787674575,-0.844625951867482,0.25278948937067414,-0.3441750407117549,-0.7038058676329159,0.7527644135493466,-0.7989754045862265,1.2808991193995,-0.4493636499817518,0.852878473247327,0.20680427161009332,-0.5808910328907764,-0.0854235740161154,0.017440208924230795,0.12711832309616952,0.9277914877559373,1.2238910991211005,1.152774864358175,1.0723352339264578,0.10403054800909425,-0.18134818782226764,-0.6639933012904301,-0.49260497120778085,-0.8363160681807223,0.8073548939931412,0.7289230499596573,0.9695551365265977,-0.5435029006012928,-0.24211909101387863,-0.46812259528831096,-0.6088346299524039,-0.514344333781731,0.8920362072863456,0.24343038186320173,0.010616843893220547,-0.22988040345325111,-0.12178320063349177,0.5321534639706526,0.4769985641646528,-0.12366734427218258,0.9065090319520948,0.11577472802367048,-0.07567504430914948,0.1186114376714713,-0.22135668531227823,-0.4544485153991775,-0.7325421305246179,-0.7274830662885561,0.18674462469015532,0.5521643817633302,0.5181597199260984,-0.4528697988931124,-0.689492704575498,-1.0089134084491658,1.269177433515983,0.4948154278582772,0.37250977219926157,0.10244354120503471,0.08931728725200103,0.7622443496154647,1.2934078791276928,-0.9274731158414437,0.6470926094395333,0.4480964816857186,0.9678348157570761,0.06645814846929432,-0.5016335019613444,0.847511241211258,0.21196888046713142,-0.7829671868722053,0.16115325598370034,0.21223716828737632,-0.3352508105325989,-0.7088356796597032,-0.023339378258108487,-0.3689978496004791,0.3510306318217306,-0.04077611104344704,-0.5412476529976099,-0.9048408472707224,-0.06809500083398347,-0.5175323090287319,1.1387754571619428,0.6314895715197485,-0.5797429564761255,0.34449512353412315,0.4011837134410601,0.39289183811690137,-0.8807455089642878,-0.10267385388077241,-0.22109548420476197,-0.7397917276083954,-1.7132990121940264,0.7040823541329905,1.1191426370375583,0.9477732860300863,0.968182330057938,-0.6954053784079471,-0.4415047527224172,-0.5299424021375242,0.4473163627078694,0.5967970789206937,0.2518643891230451,0.4198606758429947,0.868456772792567,0.03959438251104031,-0.43314202737878477,-0.32028753772632335,0.4087019388515533,-0.6343020098038668,-0.7578927047258114,-0.3031033686636119,-0.8289267879458635,-0.291589381582814,-0.10747491340349852,-0.008903807673706254,0.7493527133519914,0.009449573611884726,0.38658805309515404,-0.6343159476153947,0.586724891859521,-0.8811263928464662,0.49055549752181016,0.37735660119592795,-0.03665676755688768,0.3355491302598041,-1.042874013597855,0.19989665920087193,0.4325072175370377,-0.4821062030985392,-0.08368417096363627,0.31638811372157427,-0.28254281765302364,1.1365969348110398,0.0031907965415995145,-0.0904093171651675
-0.22612042992524042,0.08898291062720051,-0.6093589588992983,-1.013201160046332,2.352880901166754,-0.04056085025206738,-1.7066559627716105,0.9158411257359738,0.1490667605830281,-0.4939261758000908,0.5299670719430015,-1.757461123843891,1.8419810213522023,-1.7383201756995648,-0.06967432637369428,-0.1523246867318586,1.1059172103430517,0.7175355875732523,-1.3424550171257068,0.37597918190161317,0.16444671106765607,-0.10368241929596488,-0.36464800037306777,0.11245958598844555,-0.1782498515335731,-0.7481751904669267,-0.2380331434720418,-0.06272106671372571,0.5862994389909985,1.8248317893524897,-1.2981397302018676,0.12342663730826967,0.15828144815311637,-1.084091904580952,-0.35963459486701677,-0.02923460016926962,0.6855859514805498,-0.4108831236985507,-0.40794683119337904,-1.3463863360709625,0.878365157507666,-1.5610739846671362,0.00014552842128437438,1.5914903093277135,0.5224126106641451,0.23453432639693197,-0.4987122078664808,1.1281687459469374,0.40961502297933444,-0.5393816800630803,-0.06710551487360622,0.20787851181011335,0.17793383971600044,0.7771287531488509,0.04716023970745014,0.4264696631366039,0.08979574941180102,-0.6253970830130139,0.2307333213417813,-1.1619806771339298,-0.9041024618480413,0.1335519738971101,1.4613556575390376,-1.6740273729124224,-1.0990100441661428,1.216514673050384,-0.3668129968048649,0.5241403891320431,1.115349161445877,-1.171999178892129,1.208332182341447,-1.9480034883846848,0.6960722512895436,-1.3520859243744638,-0.3061166116469951,0.8826645102611295,0.05056965880755802,-0.011142939108031127,-0.1900350905708032,-1.4019399459943955,-1.7267965431133612,-1.7073086694281643,-1.514600007886351,-0.17963536166636018,0.2871794061568347,0.9963292510393426,0.7172808790446924,1.2246173858151765,-1.2346931966541412,-1.067643171392503,-0.5435029006080175,1.3827119579885956,0.3698654348884769,0.747316690438758,0.8651977878100532,0.8513102167786872,-1.4090249487069195,-0.4175714015481593,-0.022115976514593856,0.275372169444665,0.189516807698403,-0.806267771312942,-0.7251988693493483,0.16679490053357504,-1.3401909853079623,-0.1968318408800161,0.08305100851395518,-0.13198726878536626,0.2691789145073448,0.685769358438587,1.1481866203340287,1.0915483698144532,-0.31512484058188217,-0.7441855102860329,-0.7372105691965599,0.6665001139191911,1.0209333529479512,1.4820845667920437,-1.9510805925480506,-0.8017807996337625,-0.5303576817359033,-0.18081460525249965,-0.12781082339172087,-1.1177061912485564,-1.9986790269888395,1.4214592611685977,-0.937733999756264,-0.7097527553353833,-1.4280502386478535,-0.13644410988119654,0.7535438649805628,-1.2637312500504272,-0.36955559243401304,1.1830022280352301,-0.2764263766919646,-0.3091319625847612,0.5172781491735183,1.008932351791087,0.00698923029384816,0.5216527661167724,-0.562544139602487,-0.03476866707049577,0.8398100108756141,1.3375883521562155,0.0901133955262397,0.785129587432234,-1.7240943843537206,-0.9261130617616624,0.8835275049041883,-0.4992309929953687,-0.6355183724796272,-0.5649243836722199,1.31705824798074,0.13491999875128383,0.3616084227191818,1.1243553693981752,2.5751265533187544,-0.9932181274906098,-1.7190539281588735,-1.4108835225540657,-1.4775480031165178,1.1033167133476758,0.6585402204690811,0.8063657046811088,-0.6521929268530609,-0.9309539302196947,-0.3684657123610911,-0.6261494643330491,-1.3274032711560177,-0.051046905362621894,0.6925285788621415,0.4814079613610746,-0.5634884918821089,0.9177228406366585,1.068515060039467,0.45110727165624,1.2536276507700834,0.38960808006562964,0.1636519296147884,0.015742651294968622,-1.148501068064372,-0.03907535601127915,-0.5463744957535225,0.9511922392767851,-0.9119658523922539,1.271340075727171,-0.7704197766062748,-0.5470537412053067,0.05943125503722617,-0.5464265602065791,1.5844691746263035,-0.31972574746407467,-0.6746244402705647,0.6844981636495211,0.061728287065079004,-0.46726050911210076,0.38902743729177114,-1.7438810663658013,0.050906046286766586,0.0765121025494375
-0.0785838077363199,0.05996265309552922,-0.2388452816757476,-0.44862008266722453,0.9854446980939906,0.038553228538774506,-0.7335048403148855,0.37268316389261547,0.08653160220284567,-0.20009086830133851,0.2583693649504141,-0.7235600227642336,0.7930848769727034,-0.7418674575142983,-0.03962334798661043,-0.04685389767321655,0.46909612049298016,0.3049843951646779,-0.5714483401816426,0.13232431595223432,0.05380618164578298,-0.021761463936412227,-0.19957300727934224,0.09115640065128071,-0.08059864857733237,-0.31803280576529513,-0.06471717614094116,-0.05904252822437662,0.22465257920590512,0.7640878266816364,-0.5450137838445496,0.053092012531585006,0.09855665874471715,-0.4676447538368747,-0.14894269195429524,-0.03303348261434021,0.3195544765530961,-0.15452720511557766,-0.1520931845785637,-0.5540430854536236,0.4012984338179303,-0.6493368793443295,-0.04717471170239491,0.6607017529009057,0.2130730805375388,0.0502989694860582,-0.1870049321686968,0.46886827777417567,0.1904880891420042,-0.1945151626855371,0.004550454348611472,0.06466047127832238,0.08487834700771643,0.32765167365068215,0.024556697218644626,0.17972621492489152,0.04802064132912287,-0.22143044339408152,0.08223256914449042,-0.48995765199074154,-0.3678904683396737,0.05927172317402321,0.6013259256343492,-0.7001302685017279,-0.5103315879129383,0.5074773966155416,-0.14638124737569821,0.2191221406659345,0.4304259418049011,-0.48252241413936636,0.5335638275173321,-0.7761076825870304,0.2879046769241544,-0.558862655139847,-0.13737234164547057,0.3615608697843176,0.027966112251653404,0.00989461845589721,-0.07457405310608176,-0.6034710258310052,-0.7211657734956497,-0.7082156466883714,-0.6520856259520481,-0.06519298504780774,0.13464048403698825,0.4200278408379036,0.33697082150329105,0.49161327941755684,-0.48354805378873944,-0.47705216446177656,-0.24211909101565593,0.3698654348853222,0.6924202706735584,0.2934657239011942,0.35961804760247384,0.3547656535113667,-0.6199768495804321,-0.1591598835957014,-0.03073676269406253,0.09730935403632777,0.07681495759523335,-0.38566421876495466,-0.30047407647959357,0.08420780904208303,-0.5902220371201485,-0.08013630081449451,0.06228846403966431,-0.08394558739093143,0.10398759691182732,0.268639242629031,0.46170999759149267,0.4406934620425794,-0.14509569240295284,-0.35516712671978024,-0.3362069741819674,0.2809718821168691,0.44796942478089125,0.6570985331319886,-0.8041191516462831,-0.3642120060517142,-0.29272854833842077,-0.0650419041127456,-0.08606128617748535,-0.5103097482698102,-0.8386060782577986,0.5776400170018349,-0.4035169262682165,-0.2754321880357854,-0.5956742679731966,-0.0665930203673687,0.2849986698881636,-0.5229031067112315,-0.14469611261963752,0.4544548353454875,-0.06633098415201433,-0.1464092399426196,0.201537400011879,0.3892354693745593,-0.027962280725904596,0.2339582844436906,-0.20172376050842025,-0.013675675612877941,0.37551217273799903,0.5556978876033958,0.058630978949579075,0.32782436571033485,-0.724961678956981,-0.42501282715598604,0.3605115941220153,-0.20740183755969988,-0.2446446476317008,-0.2277676314636818,0.568495737067426,0.046418006153329854,0.157172710138217,0.48705657029961436,1.1129423238933578,-0.41751601161975826,-0.7236963979147536,-0.5972959168336087,-0.6303427395776638,0.4349174955444432,0.2428836057275735,0.32542926999050953,-0.3032976866411949,-0.37635555835814266,-0.16663368471251355,-0.22794193330506352,-0.5727434883019582,-0.019314234648921003,0.31652268241391845,0.20498972365800025,-0.21983786548341466,0.36768088133558324,0.4880731517023405,0.18716701790063597,0.5230665748107299,0.13497773072890118,0.03481665439788649,0.000794021557557173,-0.5304005158917396,0.013337881112542794,-0.20676730077954897,0.41127162480554996,-0.37085645280621227,0.5034074604324086,-0.31752557618033206,-0.21453691043690531,0.01880724795725408,-0.21884047408062643,0.6501735117098356,-0.13634861473730303,-0.29564173249174885,0.3047451772340063,0.0643954541471512,-0.21262094267314235,0.15587474769058482,-0.725236477163472,0.0021667530569110614,0.04787098015499841
-0.18277546011826945,0.03267768507670157,-0.49207041882273916,-0.9179246070921213,2.075897147694841,-0.0034477466815029884,-1.5072899166268532,0.8334281196663614,0.16615131068103178,-0.4567314437678666,0.4817543177227459,-1.5528819818259314,1.6258314654757768,-1.5184228845094307,-0.04725482446927303,-0.15181403376352776,0.9527251901406361,0.6220271940881666,-1.1860956336899928,0.2806213014461096,0.09522509437772719,-0.05803050421962182,-0.2832505808323609,0.08285796741592844,-0.179588820972002,-0.6761792804334329,-0.21560018656721353,-0.07112961235881216,0.5284001449356649,1.6064207371928099,-1.1140805208738553,0.12585987922944683,0.11332426279943697,-0.9850461075809839,-0.2975279854357297,-0.031718575334319155,0.6156864583074941,-0.37400568416246366,-0.3093104677249166,-1.1804222306830376,0.773849576784934,-1.3777772753040105,-0.007014061378854346,1.436747456359263,0.458609781156636,0.22438313124639506,-0.44727181342038874,0.9765286254457745,0.35635727852186017,-0.4628741795675044,-0.04245937573641957,0.16603898762522057,0.20534858933148,0.6857767986665425,0.04955152968352289,0.31230846492551195,0.0861830009136919,-0.5289702408134132,0.22872879191200624,-1.0146518485724056,-0.8123348647888546,0.09049183089747936,1.2649143247851973,-1.4782129808071531,-1.0380036200495464,1.1132858534798793,-0.35333177287889916,0.4642577134782015,0.9455251369770262,-1.0007750448872963,1.1199720469809384,-1.7126324064841674,0.6335623646948688,-1.1923048548816422,-0.2848912747427631,0.7964934336148157,0.07077647798138337,0.015658102141128605,-0.1298594063649761,-1.2765357257968961,-1.5460332729174426,-1.5300492114532662,-1.3849430432737748,-0.1300242395892629,0.24316669379891293,0.8560499033927648,0.714171623575388,1.073008626038688,-1.0677382695669932,-0.9581452945443221,-0.4681225952957452,0.747316690441555,0.2934657239050473,1.236344880487928,0.7654148387394085,0.7221801598399276,-1.2401850676549553,-0.3691886057717906,-0.053469548809991406,0.2602225097024502,0.1896604447328996,-0.7429427105956776,-0.5771446758310536,0.12475047530999236,-1.1916399722027502,-0.13986291568837442,0.09642115817478726,-0.1266755030308677,0.27433562048188453,0.5782223525334491,1.0175433232675481,0.9536178331252074,-0.3306236231104677,-0.7096660344911859,-0.6404360380242822,0.6146968951423735,0.9560843538156162,1.3307008978836723,-1.711512507790397,-0.7220782681707412,-0.48061264276770466,-0.1668904177079744,-0.14892117456265608,-1.0158818153327478,-1.7471745687829814,1.2210953871298253,-0.8457587936546729,-0.5968841814107848,-1.2847921585242286,-0.10050289742687607,0.6032376420461275,-1.1502596088846206,-0.3329048925941704,1.0657197397946474,-0.2155592521947756,-0.277606073808942,0.44877962956610457,0.9134734762287549,0.02793395895208666,0.45961675344954817,-0.5118783837684016,-0.03111023030895814,0.7303296214403934,1.1793746613546348,0.08227574486919303,0.7118385310889107,-1.5546348303426984,-0.8631146037881219,0.8176073012000995,-0.4033496832641472,-0.545313476960279,-0.5185765798700321,1.1575146558062104,0.12376239714810175,0.3139162291464902,0.9723727993471675,2.3053064570029753,-0.8889978421942365,-1.4981875880855562,-1.269329088887521,-1.3099286844363744,0.9378114987287366,0.5281220230321049,0.6883486032498635,-0.579845408555232,-0.8024738006832682,-0.3199753239676103,-0.5527228029079466,-1.1817643178534807,0.014477081766197547,0.6153643400680421,0.44679640422719297,-0.4960976231479966,0.8048829805717844,0.9370701911760211,0.3731175813267542,1.1732725348738808,0.33768723101359843,0.12375833102728429,0.010483239267237647,-1.0395522197916713,0.005938219686741457,-0.486347315149781,0.8123647672434797,-0.825146754209681,1.1086555517262455,-0.700033247628969,-0.5017496903431741,0.057884742814199225,-0.47563448868371044,1.339910892329813,-0.26497138539518666,-0.5629576843767937,0.6124955462132307,0.11053441296304427,-0.4142604891618388,0.33531383445423846,-1.5503690963689218,0.019518188940707677,0.10392492583209151
-0.19202546278473062,0.09744905689918157,-0.6088539587506886,-1.0951593474132695,2.408213715551523,-0.009565054847001753,-1.7980516598906122,0.9855200763745167,0.1548039046957818,-0.5299487600385984,0.5155201350579751,-1.7828001220817036,1.8817996798928966,-1.7536044292384145,-0.07954057250670601,-0.18152304430188865,1.1310591952586728,0.7151555157373417,-1.312281183238245,0.32574151054147166,0.09520425437539268,-0.07805676038284083,-0.32435630542867805,0.12691488204932116,-0.18771026339377642,-0.7824542459647934,-0.28072144159323265,-0.09507601766906175,0.6341505715623577,1.8463272786174436,-1.338180817063021,0.11967762964831237,0.1271133488376001,-1.1048908369730024,-0.3678659971576544,-0.07103284580736702,0.6994542493965221,-0.3959941473185182,-0.3886896319092321,-1.3736858830790621,0.9338005379196852,-1.6430950060992113,-0.02552262017431211,1.6424953339235002,0.5754913048889457,0.2299300420171343,-0.49398554112089593,1.1376348621509251,0.38695118094090036,-0.5496401807314366,-0.03471033169353059,0.20421160752018974,0.2332191480546681,0.7628137004746256,0.043141394450499505,0.3908668347580849,0.12969105467571693,-0.6265165001741493,0.28510968879882786,-1.1780257012625455,-0.9690782589715105,0.17076183538017273,1.4881721208899723,-1.692535530809453,-1.187018817983699,1.265638338900115,-0.40068325964330376,0.5411253573143571,1.1169318665509071,-1.1545677521900042,1.2630059897924615,-2.0135908490197196,0.7167148770697206,-1.3782014844369426,-0.35223813270998394,0.9270833959751232,0.07463477202778487,0.008777303335954995,-0.17090384201185502,-1.4343519407590457,-1.8098249419847952,-1.771211244307635,-1.6111685259685142,-0.14876127146289542,0.32430193266580876,1.030281456274011,0.7595132577307815,1.2392530164570152,-1.2837051089146285,-1.1859685356835872,-0.6088346299596145,0.8651977878096971,0.35961804760564864,0.7654148387362424,1.420538775109308,0.810051141128321,-1.4114012537789262,-0.3679624061938761,-0.03987507877619467,0.3204345559181464,0.19875242017665695,-0.8033632284896735,-0.6924958816104492,0.15510440078824764,-1.3825830353166815,-0.1919992345370739,0.09190984037128612,-0.12234962149129064,0.279582103440283,0.7016935677638363,1.1577482693188759,1.1283439382353997,-0.3295222823027218,-0.7734895992281341,-0.768444962835433,0.7083023218369676,1.0571796722165698,1.5582513195885648,-1.957684599484741,-0.841647439499261,-0.5897073445199406,-0.20036260027540664,-0.15560938848873251,-1.1241780688665306,-2.071218599995935,1.471563792391084,-0.9696276823023114,-0.6684494191999415,-1.4757087152616646,-0.14518282074832467,0.7461014112710421,-1.2684012205831032,-0.3975474436223566,1.186049437323985,-0.28589085319783086,-0.281202393784011,0.5157218344365239,1.0629402647172377,0.028155322869688748,0.5768418619569657,-0.5350614098348335,-0.04564022006333519,0.8834754868478598,1.3588866615125454,0.13541960282976237,0.8169014603961559,-1.7588891600849794,-0.9516451898838786,0.8879233279765852,-0.47511167215047306,-0.6474064623237005,-0.5453233287055136,1.3636696320144903,0.1252463304732702,0.3504365822621734,1.1452295764079699,2.6665246018939674,-1.047187394836965,-1.7721739149191624,-1.447531797063217,-1.5168451322966086,1.0417693210174834,0.647096734705089,0.8324735441047122,-0.6764969786656845,-0.9458651872550389,-0.38595276284165053,-0.6151496515437533,-1.3532439068771078,-0.015537045506928079,0.7418968259594539,0.5183035695968601,-0.6255997369170874,0.9513342491425021,1.1249216113829807,0.4471762305344179,1.354887001303108,0.4058791391127252,0.1414372722818782,-0.0008607421788395103,-1.2468603833812741,-0.030558689010822163,-0.5459712201271921,0.9589126538007172,-0.9303355325950996,1.304803883797652,-0.7843389043331832,-0.5735395524625714,0.06534868780700842,-0.6200883019575136,1.5788919738324199,-0.37096477856516297,-0.6805099742262988,0.759024997235269,0.0930605969944576,-0.48461912542918156,0.4251373373289933,-1.81413313742719,0.040967304763950836,0.10151622567451583
-0.22942092463215139,0.09481377443072846,-0.5746925069543167,-0.9969041473232763,2.3211625891595253,-0.040627753855180915,-1.6638149190851743,0.8916261974117626,0.12379501260627308,-0.5157163290161312,0.5279711746364939,-1.7439025101799448,1.7779821336675983,-1.7050424894664447,-0.056380871194183335,-0.17707465512799253,1.0444175139745209,0.6991768006938693,-1.2964782702664308,0.313154594166807,0.11193678343025726,-0.09943356386737227,-0.31706307802657496,0.13522915958393414,-0.21622772548024582,-0.7486297431379483,-0.2761207040277205,-0.04336587994900737,0.6134197760454618,1.7525221592525104,-1.2522721294324952,0.13958868203368674,0.14180232027699713,-1.0420492022636312,-0.32136316928974595,-0.03214648464315678,0.7124865191484756,-0.38285411679451165,-0.37075728048262546,-1.2830353163042338,0.8866583543518373,-1.514403090688024,-0.026348257979679587,1.5857865427453262,0.46889391120819524,0.21417727865439548,-0.49129363907101903,1.126303095943215,0.3990035469608371,-0.5024999543798829,-0.012982620571543063,0.18360837969640942,0.24146612101064435,0.7604042587365493,0.05973470534859511,0.36725679986425275,0.08934359986786863,-0.5689253060611053,0.21791722803558475,-1.1053576536445804,-0.8981277564896456,0.15387738390138767,1.4144856742600311,-1.630539353156277,-1.120947856732107,1.2005836527008853,-0.34593312697850226,0.498418881225964,1.0573989250854678,-1.133031014697638,1.1974375053102875,-1.8645473224900064,0.6504366542002027,-1.318096957209427,-0.30746633287214115,0.8509884830659331,0.04932028841900014,-0.051284211885747125,-0.15438718502084314,-1.3781836830588792,-1.7081852549622436,-1.6379356145052923,-1.5294917626967235,-0.14495594913780746,0.274580966701336,0.9944235091337116,0.720057820322132,1.2520046385783323,-1.1958347288277758,-1.0496985639288328,-0.5143443337891506,0.8513102167809898,0.35476565351508393,0.7221801598393112,0.8100511411308599,1.3380178159422151,-1.3595594812544567,-0.3864684291496368,-0.03476903943715668,0.27595473386630825,0.16574264989066678,-0.8166657083018786,-0.6888821378709227,0.19418289524453433,-1.3681940879751482,-0.18218990886835745,0.043036042010940884,-0.1646928707530007,0.27072212836851295,0.6225075724085513,1.0892843291124976,1.0281981326018146,-0.3215075533678482,-0.7752149871122188,-0.71651706956181,0.6742328106394916,1.0152843686517572,1.4716208482100253,-1.8709111564076477,-0.7993571703939477,-0.5480485316791632,-0.16984695196001393,-0.14993827758140107,-1.098849738484482,-1.9661486417221574,1.384314461816648,-0.9078837892698576,-0.654707803985163,-1.3731470567197248,-0.13475009454202,0.6796316055501532,-1.2277099550678277,-0.37204799004019257,1.1626633426908293,-0.2087675144568733,-0.2672319265277326,0.47379871375110283,0.9991244234495613,0.06947992470012099,0.5195694918287344,-0.539736997259765,-0.005521641889886263,0.821897374514972,1.3346553528652967,0.12167902142096504,0.7665761254165576,-1.6674053828025093,-0.9309099896169888,0.8289747064376831,-0.4987216407717343,-0.6406267120822509,-0.5761423955072669,1.3212622144129318,0.13130349062048968,0.3418355428261177,1.0973585431313304,2.5163086869099636,-0.975285335852679,-1.694778883298684,-1.3920062432811657,-1.4247792201821936,1.0218127694896648,0.6632414106984826,0.781041535175239,-0.6447340045831609,-0.8851689887866612,-0.3950133609220189,-0.5846808742106119,-1.3113212697599959,0.01377350562610418,0.6666945583090591,0.45957409107164304,-0.5436016036898398,0.8870381595351382,1.0530601232773498,0.4163886651305214,1.289438514502136,0.34377544617368594,0.1911908842124162,-0.02462400671520948,-1.1483841031968156,-0.05706645435040734,-0.5428769620497871,0.9184924475456488,-0.8943678913079414,1.2162524093823115,-0.7841383558833535,-0.5252542856111369,0.030278103841930578,-0.5400228885313847,1.4763330614568224,-0.3060062216024824,-0.6261859494636619,0.692038021946761,0.1161565025457603,-0.40541798940213697,0.4024809008108821,-1.7241390338028888,0.056258385947188246,0.12051926567347737
0.3705133634465162,-0.13130346061841183,0.9534707514452867,1.6460656300436862,-3.88115500899785,0.02106472813026615,2.841846242401054,-1.522504955008113,-0.2854824493945804,0.8344655357287496,-0.8982128795445563,2.9108193812292305,-3.062407509030015,2.859462478146638,0.08299617297756386,0.2904604804012588,-1.744708344602867,-1.1335718010983604,2.1584902752102435,-0.5306915591393708,-0.20652987737589507,0.11387253843580686,0.5606370580192158,-0.24082182305737115,0.2878132843939057,1.2399881510126791,0.4196161539418235,0.10017222093545722,-1.0018043753541568,-2.9758638807228683,2.0861164691766314,-0.18458301376756422,-0.247796731563695,1.8022228523784014,0.5298304563021429,0.0690431954661445,-1.1433177558115644,0.6437911543778784,0.6210617281536757,2.1875372209144417,-1.5026285945989273,2.624423784570757,0.005831214750909475,-2.6285671135369677,-0.8856534532311893,-0.3809233472596858,0.7929074454744494,-1.8549997710262074,-0.7086283517272617,0.9046935481543336,0.026281954452601397,-0.3533311090898914,-0.3437262025053731,-1.2632457084900581,-0.09820965767473798,-0.669208007148883,-0.17879834845961284,0.9889193802412897,-0.43650553031174527,1.867988814197813,1.4891483818428979,-0.20394573433526156,-2.3514821665096246,2.7580551191855363,1.829899609975881,-2.06225960241459,0.5877971212466582,-0.8885738794493931,-1.8125388573817964,1.8705609817562805,-2.01505134732892,3.151075640535172,-1.1395628220305452,2.213174520688189,0.5708137382221402,-1.448322417047167,-0.14395836936935716,0.013138481992089642,0.25937164758046083,2.289458353843358,2.8579875385751743,2.8259709973823983,2.574081237867562,0.231945622416884,-0.4537022240759993,-1.675832176203655,-1.2555300989558422,-1.9895753464173809,2.007109538624726,1.835212403126428,0.8920362072991814,-1.4090249487102284,-0.6199768495869746,-1.240185067653258,-1.4114012537828717,-1.3595594812538796,2.846385457065902,0.6499021282385812,0.07567815726426612,-0.46973556921947734,-0.3265475080806954,1.3551347786311463,1.176571136054556,-0.352642602309482,2.1716630999410613,0.3180170272518076,-0.1601699850280009,0.23962511445534368,-0.4845809599255874,-1.0712699638751964,-1.8870943276248888,-1.7778592582047967,0.5424659903360153,1.3024638322364683,1.167732546320398,-1.1827053601287876,-1.7109436468220034,-2.4745446344436868,3.153466629185226,1.354126696696457,0.9099996306201728,0.33507403721408285,0.25217191760925783,1.8697713209460198,3.2613359787724274,-2.302101729075658,1.540406335410731,1.1199050188988333,2.364089874727584,0.20733866967453765,-1.165712749130491,2.0458850060434504,0.6098031091018065,-1.9479753292703392,0.3803102963396067,0.4677706634031032,-0.8281107715050877,-1.6919991583861502,-0.06250163659445701,-0.8657368867722881,0.9001423437275182,0.011443801689069708,-1.4168802821718167,-2.1977604296985946,-0.16393505814620535,-1.2490389907699542,2.8655041008140048,1.5462024047109617,-1.474616733483065,0.7838817017419106,1.0606430820123383,0.9420943242818167,-2.1753249070842506,-0.258350255122081,-0.5719257030685284,-1.8652770762271522,-4.246864818946084,1.6500248749273816,2.8176007890187056,2.338842412871669,2.4083939146322892,-1.7472221799806957,-1.0593014065329631,-1.2557073831969248,1.0949724716995943,1.5246417514112682,0.6066226177403901,1.0017499534676124,2.1942553667699394,0.032731820376777465,-1.1493789314195444,-0.8124328364023626,0.9763448568070221,-1.5190394828062501,-1.8213775006843376,-0.751848323374479,-2.10833913971054,-0.604204288764377,-0.2346336831437133,-0.008675589820028765,1.941785765149089,0.09628297994786347,0.9333720730517225,-1.5395539349606064,1.5262017890109472,-2.1095284378655395,1.2642107870006496,0.9270004014518229,-0.0544733184003984,0.8586587035054327,-2.5381699919685747,0.5912906376810803,1.0479815672085702,-1.1730540746580977,-0.1237914974371467,0.7246793427463277,-0.657493447227086,2.918954172261582,-0.07162486995405618,-0.13993623485855466
0.09764269039732992,-0.024845225397608448,0.24537709596432755,0.49005046478545666,-1.053746219404019,-0.021586070262455154,0.7666752439856206,-0.4066971555869658,-0.06071563987160782,0.22617807528409237,-0.26958308122600544,0.7656362185246653,-0.8315371145135517,0.7847344838888021,0.02146151773195332,0.07534352524712712,-0.4562294466483238,-0.3574074052214558,0.6088357276586231,-0.15489368571830744,-0.06540326457633354,0.04986086577521769,0.17030379849467603,-0.09478294061582491,0.0799105601566094,0.3716291060368403,0.1030758094574902,0.030277480919211244,-0.2732771311206783,-0.8188022255432937,0.5455561544280425,-0.0866755659701184,-0.11106536150842165,0.4970615902418963,0.14301699783374094,0.018631462111041348,-0.35288454616611764,0.162105842519063,0.1793806343490453,0.5705520768782906,-0.4154548722420307,0.7162737541028055,-0.02707627267341137,-0.7120316806079394,-0.23855224261977442,-0.0709918863676827,0.24084948954759522,-0.49041394186400356,-0.16501333856721057,0.2664875635431801,0.003747640251922136,-0.07536135835287436,-0.10030780292450386,-0.3358245884110604,-0.05349975192019167,-0.1817606477774182,-0.024765436605501713,0.2961471280252503,-0.1513759589493465,0.4385528407600166,0.40344815702800757,-0.05354936349342848,-0.6261147328681997,0.7195919293256673,0.5200528281602744,-0.5736944252562598,0.1348739015912259,-0.24181597196978705,-0.44914422399794596,0.47984230777310216,-0.524523066026682,0.833584371026784,-0.24217293405985105,0.6024009986095074,0.16277045198232917,-0.43609524718163595,-0.008147627422349715,-0.018272699099601084,0.06938479239347345,0.6203477879805364,0.7873340149778422,0.758139533277978,0.7244588871984323,0.05726177818654789,-0.1148111077446921,-0.396419365351095,-0.34880303449473876,-0.5632946218094629,0.5249151961613949,0.5001135189948311,0.24343038186850174,-0.41757140155226163,-0.159159883599065,-0.36918860577400675,-0.3679624061984059,-0.3864684291522985,0.6499021282437679,0.6897314636299103,-0.013867590043371524,-0.13529272275166207,-0.053757404924051205,0.33898515665482404,0.2860124201929512,-0.09380423058594882,0.6297668089456386,0.04320079110812593,-0.040349469766776475,0.05659899229933374,-0.13225777380187026,-0.30593044108876066,-0.5389321923820716,-0.49954701761311904,0.11024317595487636,0.3830990432576949,0.32181290793552264,-0.2995372796242839,-0.4469923659293716,-0.652748281287239,0.8641809746050627,0.3561179230530102,0.27372740316988664,0.0831569981225517,0.08124816519701289,0.4879518252396355,0.8668512098415568,-0.6221983992392052,0.4366564856510188,0.28892125948650355,0.6445233784580697,0.028578390641012606,-0.305232608924836,0.5324444463751078,0.1888471232077517,-0.487532332887516,0.10463040459264371,0.14047061100775463,-0.17021927439396262,-0.46140801273083837,-0.017745484453818263,-0.2504344831551075,0.2486633704043401,0.0028805217173306953,-0.3757567081584564,-0.5696416458868379,-0.06490546511025716,-0.3279886686954519,0.7903916095299542,0.4262570688596153,-0.3904662636259171,0.1951879181085579,0.31254980201687993,0.28033274686483056,-0.6048922596945185,-0.05511637826956452,-0.1334583710166814,-0.489268518899798,-1.174510302213368,0.44991725489163975,0.7485207190102977,0.6351378492314308,0.6445573032852991,-0.4641530103682144,-0.27720397340987946,-0.35430289446428304,0.2553809875190082,0.411710130498803,0.15896758585838758,0.26627246109099784,0.5884451284962738,0.018274335460123563,-0.3072320969802573,-0.2151382717834119,0.2848422436801502,-0.41065063177049954,-0.5038445407804497,-0.20752142186566477,-0.5784754933729335,-0.174327215127159,-0.08259915139451811,-0.033267363362189814,0.5275708995561992,0.03848782580173277,0.2679473319093044,-0.4549334057405544,0.3848612795159653,-0.5925285359746438,0.3150893947444033,0.2310468908140093,-0.042549059964645246,0.24634984163228799,-0.6621967743578718,0.14275679467494498,0.2568647361083087,-0.3030623086173749,-0.008201670170471399,0.1689592102018674,-0.19183533769198868,0.7742920695877934,0.005119375320462078,-0.004508719884289688
0.01262999371996854,0.014733481751668462,0.029563710897078335,0.006889940782283165,-0.0716009283431755,0.011014292782728292,0.05044564203649319,-0.03696430442862732,-0.012546944791959206,0.018367650328083147,-0.03460798393858693,0.04866447691055657,-0.08057428235398224,0.08289583832835314,-0.00528648399372955,-0.006961502649728149,-0.054983390382804254,-0.029329215806232087,0.047013010232828195,-0.025872495223409807,0.00694002470971369,0.035694477617356016,0.003918591114792719,-0.02387814944739434,-0.018269882515462105,-0.0033186273188290684,0.015374815876945575,-0.04060205952483828,-0.044639218306770354,-0.05275358867989548,0.06211473882056977,-0.012783253463686733,-0.023859547536703697,0.009906415607438128,0.03269293200754813,-0.012806512565620022,-0.017602288404973007,0.0282592787688264,0.04826547276454748,0.058661742863128835,-0.022670390239869758,0.026284540008743786,-0.014982160755201427,-0.03206717054421602,-0.0010984940394638996,-0.0018609906501477827,0.050367265235451854,-0.05946343606429401,-0.02897843835404739,0.02726198662077221,-0.011400142590281433,0.03270705492626648,-0.03498538481061319,-0.024993973097254575,-0.03327689767218307,0.005495597907819253,-0.014974327561708847,0.03891064988749762,0.008675919388790988,0.03620252507087375,0.058244603521858396,-0.02920356878142747,-0.09015439279085473,0.07840557980565507,0.05064361541064334,-0.026749065882780157,0.007826637015129022,-0.027289445483940154,-0.05658576555686067,0.04554174574976182,-0.02637468818073194,0.0388353032781062,-0.011926545641861533,0.0017523839695065737,0.021829515733670393,-0.022867222267560713,0.01735659889242423,-0.0044045522882422,-0.010455321865015708,0.05727437912943331,0.07215463588772093,0.08646220028351237,0.043085836429605874,-0.023907929324042003,-0.0014706681271597303,-0.015236923934545447,-0.016859026640142247,-0.03150090218425159,0.05632905597417191,0.05182718630226654,0.010616843893554922,-0.022115976514537502,-0.03073676269416698,-0.05346954880975406,-0.039875078776167625,-0.03476903943688241,0.07567815726396532,-0.013867590043589267,0.5823891087249152,-0.02530678542711066,0.013915936895158895,0.048946561906094956,0.01524196508189155,-0.002279782629150286,0.05251517173020784,-0.014553612502130678,-0.021712606887415886,0.004718540335310613,-0.003236702986515261,-0.020087917498813855,-0.050821915991999526,-0.059591599594062045,0.01441416588614716,0.05926920054346863,0.0801212550158874,-0.05198099070308042,-0.05807282115322972,-0.05042277822751798,0.08827392672558265,0.011286212194248278,-0.00937618695948989,0.011579572251359325,0.039139094482972626,0.045671651397298486,0.040341654526882424,-0.04197009077899821,0.03693007580732373,0.054373175724086134,0.05430251124148577,-0.029183628994350688,-0.04530765371505112,0.0677200333760112,0.029404088258340927,-0.0634021788021772,0.059684150716568754,0.021173737950686344,-0.008977838403369739,-0.025360822433079154,0.02619425376493849,-0.03172256976866312,-0.014490617262109018,-0.00023993052520873475,-0.05137078124895564,-0.054039933136070716,0.004956755486440497,-0.053561399124421635,0.04659563632122243,0.02677509886629261,-0.05343600374027169,0.052816453647872394,0.03097031955642293,0.027654924717231535,-0.036984452645393566,-0.02207977743520148,-0.002316808585434273,-0.07026211828925838,-0.08432804708826426,0.027705267865863168,0.06359960356462263,0.021661546515483444,0.05901869407495668,-0.058267182310978285,-0.04099403147124666,-0.03232453984884502,0.04889301448275035,-0.007913169886961238,0.0051342815666794665,-0.021273785501240365,0.08681675629546329,-0.009515644523375666,-0.002921264113970954,-0.00874822190312342,0.003058864046902029,-0.003985506527149221,-0.0020963515982696133,0.016859079891312148,-0.0604075110270987,-0.027275141542026718,0.013072531921976202,-0.011219535313104724,0.051653357373115945,0.037641802128118074,0.028777109652482345,-0.04661271514423331,-0.0038932761885282843,-0.06442776389195247,0.018570175677191325,0.00928940467863693,0.005270140176365494,-0.00024685458442655947,-0.0591260997941484,0.01118359618842353,0.03410530009690048,-0.0491615515390404,-0.02316353257907669,-0.041943718664703075,-0.050796920526155205,0.036681252640338384,-0.0049212104081262165,0.0020377052599401544
-0.0563092906405398,0.021920491390621338,-0.16954511480787912,-0.364722392240075,0.7877723647052582,-0.012691346394392709,-0.5539785556672863,0.3131598547962676,0.030208119104911217,-0.19839680245028302,0.17769381670947562,-0.6103302173506148,0.6339533946798388,-0.6294648932288619,-0.02515294373702424,-0.051841765932494836,0.3689699099380208,0.21732789214739023,-0.4859781538500666,0.09423852205425581,0.06260599907789999,-0.037794218035522034,-0.13796277929565062,0.030433654093338425,-0.05082044541220682,-0.26355714165811756,-0.08489313486452825,-0.038725077697158876,0.20925775617141232,0.6001409186377523,-0.45658299988410556,0.038876697469685736,0.05635305700791686,-0.3587099014534662,-0.14400508989950692,-0.03564675511123594,0.2034279121921715,-0.1207217538707927,-0.14384251888108684,-0.4818510691104321,0.30181008644189267,-0.535438918195911,-0.02474750642199073,0.5562121188166128,0.1890949649363029,0.07566480835032355,-0.15278343041908055,0.4097984399753599,0.14616738366179377,-0.1783761241761762,-0.02568378363788586,0.04922190470773162,0.11407883235507385,0.24471052997199227,0.026910487355072232,0.14264718461977077,0.04556438599943638,-0.20318439186216794,0.06880759078091195,-0.3753592955970942,-0.2962067535860149,0.04888450933447127,0.47254417943896226,-0.5899798244381075,-0.3938652105071272,0.42746832382429173,-0.11518041625696927,0.19214059843122344,0.3694591437254808,-0.38995233612343905,0.40012625417019365,-0.6401621685727004,0.19721289039792478,-0.48901013295993273,-0.14855039659527253,0.28824368330680944,0.01760419763200473,0.024792537258016466,-0.05816062351417376,-0.4584108260816471,-0.5910594510999276,-0.6188386620395783,-0.5266576100923656,-0.059579728661893844,0.09159218542245304,0.3411798657520974,0.26000234085393426,0.4090795310587929,-0.41309090493027634,-0.36461665409734373,-0.2298804034561681,0.2753721694455727,0.0973093540378834,0.2602225097023564,0.3204345559192905,0.27595473386642977,-0.46973556921990356,-0.1352927227506857,-0.025306785427113926,0.631771714813812,0.04505651802878567,-0.3514407035597495,-0.22506279568319015,0.07730656748079281,-0.4560884414867529,-0.07525774141838461,0.018403659282648675,-0.09373954366248113,0.10122288294275132,0.23749728441786913,0.38449390329743316,0.389672991048083,-0.144295438670242,-0.25201354591664676,-0.25137942766426574,0.24181668870990264,0.34310791404547836,0.478017040253242,-0.6503720245406224,-0.309320893186003,-0.2263323358930751,-0.010612379381694091,-0.04212894236713137,-0.36982635470108877,-0.7053042264684601,0.480177454890515,-0.2752012727628843,-0.2239087564522231,-0.5089361060107533,-0.027287807158995543,0.26050174164274853,-0.4267334242968194,-0.1018360663619458,0.3872296229968916,-0.0557355535466445,-0.07573883116427477,0.1769234367330846,0.3549810639235505,0.013416555267022687,0.14004049083578693,-0.18169479540783376,0.030268927931156285,0.31516794505376633,0.41579168061855776,0.08196311876299958,0.2628662031516771,-0.5654300797249832,-0.2979938416146832,0.3082086182474453,-0.2062256524311302,-0.19778786987165525,-0.20774792353924038,0.42802319836595043,0.0593364117941416,0.12901548211692007,0.3593371281358007,0.8391942975257947,-0.3597858946021327,-0.5740183802534394,-0.4905673670397091,-0.5181581286511614,0.38938778394606116,0.2608619090524966,0.24950929290942894,-0.18989264396397157,-0.29008989239523003,-0.11148498485904088,-0.22290954448238282,-0.43982847287973537,0.005220380638214105,0.23234474640717853,0.20045582448855837,-0.2096297099225594,0.312508275360262,0.3858310687663187,0.15052439653795655,0.43846847026060426,0.1148438598010995,0.07447079425539568,0.011917946337238038,-0.4347291559568165,-0.002471719965708885,-0.17775336733317182,0.3088115786927038,-0.2873939881398904,0.4135483280089722,-0.27601212188797275,-0.21929480208062718,0.046221550647006275,-0.1736649091715579,0.5512335022382828,-0.12375329719743046,-0.20644359321102757,0.2867243938681302,0.02462040056350867,-0.12263170285702361,0.11617393656910248,-0.6144901568111364,0.008058005652228443,0.04539099488768283
-0.0797392724727467,-0.015836741233690554,-0.12905930579500632,-0.21363966473647716,0.5549748091017339,-0.0027651692281051004,-0.3653333233379698,0.2256445253665892,0.008331874864378037,-0.12860539093307183,0.127172733478839,-0.4447915407913874,0.4238478025512177,-0.38786295772415225,-0.025788229004531454,-0.018468865094338746,0.2666146319624763,0.16463556686879124,-0.29375323825410915,0.08592082334407689,0.05089787988477941,-0.015365196807723986,-0.0680378672267477,0.04231995469732155,-0.02330479173037753,-0.19822700699944382,-0.06009330663137978,0.027551562610159258,0.1588791888482936,0.42532670192205535,-0.3038438376196266,-0.013972881599239356,0.04415343734902816,-0.20841608847778312,-0.062204763694417894,-0.02612358298108782,0.13743930632963158,-0.08350549881561617,-0.08373078389421724,-0.2708832216899895,0.1937150255158036,-0.3589630140062703,-0.028746874418849107,0.373921257949447,0.12115659090049616,0.03340571936544216,-0.1055104793428972,0.2582172267525922,0.08079659392639707,-0.12544775923027607,-0.05115386593032326,0.06188458473481372,0.0112827210400018,0.1726860163976949,0.060701240993046954,0.11034278416365123,0.010957608198489977,-0.1428381186739772,0.041542464761400624,-0.2224252640491331,-0.19345526740487004,0.03902949151405294,0.3262230804884577,-0.374488732938592,-0.22386149412387366,0.2727848606978306,-0.08573068336520431,0.10220500113818351,0.2518908166596393,-0.23952563360800974,0.23796319090035242,-0.43893897911329754,0.1524451836609088,-0.3000652336981853,-0.077810347685909,0.1960110764551345,0.028264448796790805,-0.0036397452484759414,-0.028118994514381802,-0.3512359579242387,-0.3856079784626292,-0.3708418022822333,-0.36074043940359307,-0.06389048087205478,0.041121978837576956,0.2142040206847906,0.1806887157375291,0.25076401745735316,-0.28364596369518924,-0.23152232180650517,-0.12178320063551712,0.18951680769914356,0.07681495759627978,0.18966044473284754,0.19875242017754544,0.1657426498907585,-0.3265475080810583,-0.053757404923442345,0.013915936895076758,0.045056518028880166,0.5562365546626502,-0.20056797730977904,-0.13293182507641374,-0.00222352270833809,-0.288696295410173,-0.03607850131804853,0.019084367306739236,-0.04120949429862983,0.04924509155952431,0.14826058004375,0.27762647720950856,0.23071242713471585,-0.037280327323247625,-0.15383410853224677,-0.1685901909777706,0.12269377096077551,0.24249895619495687,0.3712049029030981,-0.45230279488235076,-0.16781892619975114,-0.11667483436463401,-0.03710403568595523,-0.043462746967649665,-0.19334169070797536,-0.45092066895308713,0.3027161136656035,-0.21431407185017748,-0.1835138709795617,-0.33899017369271284,-0.007241163031161402,0.14232829708645284,-0.2599029400951166,-0.06895353487496622,0.25649119262653075,-0.06269737274588244,-0.1072852695586251,0.11140800665434442,0.2415815500235114,-0.003962310093210667,0.10383686467876149,-0.13214330594202597,0.0023621453818736607,0.1694997788976394,0.2734011931261367,0.0359050215532031,0.19784428106215202,-0.3905992253963017,-0.22480507380563008,0.17701256362998702,-0.10073210328498222,-0.13652970244947119,-0.11754488368731586,0.2855444267350622,0.020941418229757106,0.11318750312667643,0.2564066103807253,0.5908948053529712,-0.21762536314805836,-0.42265681100922675,-0.3158671406505339,-0.3178205425591674,0.24845163632008813,0.131123593491225,0.14671731971383575,-0.15122169053567025,-0.21814136171558485,-0.07704061576701682,-0.1497736198372976,-0.3162484870111264,-0.06066746968516275,0.1460035156809763,0.10428679739648432,-0.11743476139507648,0.19474123252548523,0.22319852320960967,0.09553661934557484,0.26375620771310304,0.07049333390156262,0.017148790485691554,-0.02523917566189413,-0.2798588419688114,-0.013815072430392504,-0.09054080536238977,0.18519853929947808,-0.2324636919699271,0.2486014404980236,-0.1471542335093562,-0.14481020529518865,0.03885903602071916,-0.14509126411932705,0.36583189946628364,-0.0881027469367197,-0.15258153504505342,0.1699439859501319,0.04583303678268934,-0.08970971595625524,0.0959377989386658,-0.4151097079144747,0.02503859628494122,0.033840511401301294
0.22057277920655677,-0.1286629566762047,0.5557151442059363,0.9607131943010723,-2.2850229992073805,0.03440195698414628,1.6965091478001317,-0.9292775639859816,-0.15786377299845628,0.49218366987964124,-0.5159271542282268,1.70354686024514,-1.7664279439793444,1.6847290054483552,0.06140199819698515,0.14692578447849913,-1.0409371997472954,-0.6842960902595921,1.2791192342528332,-0.3575235590806897,-0.13568249732160031,0.0569313665572303,0.3404770568032005,-0.11941751476536358,0.15816626351203042,0.7149217368935449,0.26895607846691344,0.04182536292215523,-0.5476892603922262,-1.7597040254399898,1.2179484097759525,-0.09718927949364142,-0.1348297404487248,1.1225086734190712,0.3183393111997587,0.02920613548595251,-0.6744715408548385,0.3594800296458503,0.34067404724457767,1.2718844796121402,-0.8684440927673821,1.5121764434652885,-0.03437914734552802,-1.5444110352200557,-0.5198195109150823,-0.20385130197225554,0.45326288712187046,-1.0733240619002644,-0.3728474576165923,0.4711015265701733,0.04636764955174065,-0.2280553913914417,-0.19948560889223035,-0.7686945448259058,-0.056120030612589036,-0.36449918974718104,-0.10945121496895943,0.5875986581021648,-0.19433205215949972,1.1209946178187444,0.8575842151374969,-0.14532097319536996,-1.363860809874738,1.6394204444072633,1.0666639681843382,-1.2046220503210268,0.3309608406689804,-0.4937789466762656,-1.0198975728766297,1.1233444946944853,-1.1776108719680969,1.839229644570145,-0.6259640241524044,1.3073657271308567,0.3205484865554577,-0.8642907598611917,-0.09199303462497807,0.03358005503223817,0.14890945896092586,1.3135361567055723,1.6783420150912343,1.682777056202627,1.534796216343022,0.14182711321489935,-0.25863230390067865,-0.9587376890959904,-0.6992851335473882,-1.1589082797050083,1.1555674589607239,1.0613955708734408,0.5321534639776514,-0.806267771314677,-0.3856642187685473,-0.7429427105943851,-0.8033632284917517,-0.816665708301217,1.3551347786308083,0.338985156651837,0.048946561906247424,-0.35144070355950036,-0.200567977309432,1.3258080389869542,0.6797383326858202,-0.15587453982319,1.314395175465319,0.17812548913347612,-0.11613260691232846,0.11125706810655067,-0.25751588290737987,-0.621402597123639,-1.08316912055866,-1.0679018855351194,0.31173640507743683,0.7811982548176426,0.6817778435810232,-0.6736112950361198,-1.0158862482562205,-1.4687090130186882,1.843164560437703,0.7835701161234017,0.541028390174275,0.21090912642855744,0.14741290880838698,1.0683791197736363,1.9096957876292038,-1.368009211871163,0.9368462163113135,0.682950569265711,1.4070927605069723,0.12586492080968276,-0.6493564125049178,1.1936804893093145,0.3556745016903854,-1.1738238928853821,0.22925108531413235,0.2870416536782542,-0.49595638006447385,-1.0105423660017991,-0.0446774562818967,-0.51513344144902,0.5037987602849852,0.0534046401979195,-0.7998831556301212,-1.292729055083322,-0.08391353675998964,-0.7289923026351227,1.6760706627040227,0.8607132739831228,-0.8784953774442306,0.5155439952591288,0.6159887365318638,0.5520985160579652,-1.313259379217794,-0.13524195711713127,-0.3360059310671252,-1.0889075177566285,-2.4954669099983646,0.9286168839344516,1.6541798763218563,1.3753495905243545,1.455443575836695,-1.041068656799665,-0.6125278367076423,-0.7934111227506317,0.6499088547175206,0.8960969740602674,0.34196730969808237,0.5958243558227961,1.3299158611577295,0.03242761842163605,-0.7063173572733917,-0.4647892016136397,0.5647301990679019,-0.8691214331144619,-1.092390237333187,-0.3963398964875048,-1.286562245875964,-0.3829177023444899,-0.13848603558972442,-0.003601842556501568,1.1740286885301858,0.04079143623169054,0.5016397211997345,-0.9382440882527352,0.8661240515792952,-1.2356728792957516,0.7303686502908036,0.512858767558428,-0.05528958204501599,0.5319112297546066,-1.515889011808199,0.3131882522466445,0.6280445500403077,-0.6991800203248558,-0.0789135542079363,0.46259979341632634,-0.40827934984380354,1.7142079225738163,-0.06349420555790983,-0.07240189757918564
0.20068358452342858,-0.0801871681463315,0.49690581758807145,0.8572077091066228,-1.9327420686506507,0.022666812882424336,1.4510155273097032,-0.7485440829711268,-0.12079649455572165,0.42182709051088585,-0.4202842780748469,1.4629012160706545,-1.5009401374770295,1.4019992269599548,0.06859320917699627,0.1627510257651134,-0.8962608298450643,-0.6287331664143455,1.0866340503301624,-0.28297642004802925,-0.09569454008609704,0.05287477400951375,0.27261075398429424,-0.12191512941646343,0.1321991735454855,0.6111816891525971,0.205941350179972,0.08484872137628087,-0.5026616004205462,-1.5057818648426036,1.0268305987916315,-0.07923024986435322,-0.11650670189137736,0.8689653205992965,0.2597575195775671,0.02563811770418825,-0.5614325878715717,0.3229944949763296,0.31327987246464445,1.1089930131754184,-0.7469609011156824,1.2682326226243021,3.622007051909404e-06,-1.3322876285931635,-0.4398944404279737,-0.16732386709166597,0.41955579976335783,-0.9270911262883856,-0.35449237434495234,0.4166204913075707,0.008423931185716896,-0.13127016123243226,-0.2118216984885274,-0.6480839942627707,-0.029138667428438392,-0.3133064717518115,-0.05523348026518449,0.4945022119729624,-0.20261300428150603,0.942192199776296,0.7391623126679665,-0.09919186274655804,-1.2136338058758285,1.3524422551105815,0.9426367201308236,-1.057967907110943,0.2980125801345971,-0.43191593694827146,-0.8767397588829053,0.9559738354291308,-1.0825583621614017,1.5470729535608965,-0.5789181389944424,1.1199186764711693,0.2768492595030943,-0.7639456401859527,-0.04350695692033387,-0.01729371717021112,0.13485754795735994,1.1845037340119895,1.4401030543298021,1.425856737127372,1.2972375057210206,0.1047938312354094,-0.21341794541075781,-0.8587782147839444,-0.6395942336793236,-1.0413645130248002,1.052662932275924,0.9027307972250088,0.47699856417142517,-0.7251988693518436,-0.3004740764831946,-0.5771446758308935,-0.6924958816132625,-0.6888821378713215,1.1765711360558782,0.2860124201907937,0.015241965082162613,-0.22506279568331602,-0.13293182507646512,0.6797383326868174,1.1300665449115779,-0.12637928093946654,1.0756756176489184,0.12211011925543433,-0.08691323751355119,0.13734509587038526,-0.26565730111176156,-0.5230528536649477,-0.9584858534059315,-0.9239946817969448,0.27593106724965233,0.6303920337902784,0.6227062324700625,-0.5855115304321756,-0.8731629548181853,-1.229846452886406,1.6258772833695978,0.6381506074240914,0.442872086548581,0.16029270292128933,0.12310944486310647,0.9071666975415641,1.6295085525771613,-1.160789750310008,0.7865336740503079,0.5447992415932548,1.1715816540554485,0.09949886921695836,-0.5327483700205314,1.0124139665790843,0.32467398893365224,-0.9804361367348279,0.17278549767175022,0.1855328381625057,-0.42297812498171655,-0.8543664665140764,-0.0038342073804286426,-0.44099541336328335,0.4659669443371446,0.020371194831769496,-0.6979054041493662,-1.0779476654570828,-0.08516942514882134,-0.6429272784219703,1.4088123901436358,0.8144551539387433,-0.7230826209614882,0.4299527322249199,0.5033219281109791,0.5109679241901262,-1.084706866460053,-0.14194268535593496,-0.29770772881069646,-0.9340930445545158,-2.1432125767831645,0.8504838886413447,1.405682555934826,1.149076197846437,1.2137661648685512,-0.9115010145067319,-0.5564180853207524,-0.6333102732455561,0.531124684668598,0.7017127514516118,0.28775678581700315,0.5627287411418356,1.0841170765212826,0.02565204101498995,-0.549692333792736,-0.429507946242335,0.531973933157973,-0.7308363572125103,-0.8772605253011623,-0.3987610929295225,-1.1128130141548231,-0.3263705156030619,-0.18427590730694698,0.029683371805217407,1.0011915635778275,0.0031393523813227284,0.4620076058439651,-0.7503963290189452,0.7432396606593819,-1.0553397887009215,0.6357896733817591,0.44567498744782785,-0.06365669224558233,0.43924015858539345,-1.297823387799424,0.2756869303331338,0.5455631650163371,-0.593425306196321,-0.09281016562100036,0.3692085007581729,-0.31881216657200884,1.4611255573790167,-0.018834699481125566,-0.06750761390988065
-0.03970843208866003,0.013890953358608505,-0.1418677336146846,-0.18742860526129076,0.4989022697562826,-0.011397531008537699,-0.3671256503345294,0.1929856488968481,0.06028202011354736,-0.10959080980414576,0.0974673934291049,-0.3156523765642072,0.32650769102128807,-0.3771458138804539,-0.031571035355933565,-0.020200672865057962,0.18781363156388575,0.14768551210374062,-0.272009897921753,0.06490431801760954,0.06359162664481383,-0.003432615737497185,-0.07344675580475757,0.019276422924595246,-0.03528490475651346,-0.1431650909217173,-0.03322175496167385,-0.010472039812974593,0.12272521374240208,0.3461100623179047,-0.2923996351083228,0.030825601375923026,0.027818451211622876,-0.2321570840246905,-0.09742665894358797,-0.02670596485921647,0.1257281086177345,-0.12700628087329588,-0.035562444041222024,-0.28021076266335915,0.1698962272203285,-0.3135704455674362,-0.010038277673065397,0.3178277152396529,0.10906390795866037,0.06734996195836525,-0.06624819061153459,0.23318138125477517,0.07158463876904757,-0.0851833052518456,0.007263606236550376,0.04818399844700941,0.056995371794695784,0.19170932017341624,0.03230541096547823,0.04421166188059648,0.032478324881028725,-0.10393163704166279,0.029854896812181717,-0.23459782951513675,-0.19190971004205007,-0.0016671647255367614,0.26418819403374927,-0.32796692381212966,-0.23729021360659666,0.2802691939312596,-0.05386202158579428,0.11239851509421897,0.182474008338754,-0.22891737183470995,0.20662348457798238,-0.39262790648552176,0.13532896692740298,-0.2402904252180365,-0.09508911673036374,0.15518104310047773,0.017334622346483735,0.00041276836125252615,-0.031193196738032097,-0.27734100493648434,-0.36082440306020236,-0.31269965262107857,-0.3544102140177691,-0.014023090360941633,0.0454611331575471,0.18648098169190053,0.14307084689217384,0.22807240100826146,-0.22036358231185746,-0.19265975180438177,-0.12366734427461681,0.16679490053475513,0.08420780904331188,0.12475047531045103,0.15510440078951396,0.19418289524515647,-0.35264260231059275,-0.09380423058553398,-0.0022797826292811733,0.07730656748094741,-0.0022235227082142116,-0.15587453982392468,-0.1263792809398829,0.5626426671513858,-0.24310036322156062,-0.010766470310832062,0.04847598458745199,-0.05532250968951189,0.07812817616747618,0.1377995917991223,0.22339293137682217,0.21115399316287978,-0.08336574295801974,-0.17326068485002477,-0.14363046472487578,0.1697556001106183,0.20200440118569526,0.23513083174408564,-0.4281807653652996,-0.17838677893698476,-0.061605841925188504,-0.03112534675958553,-0.020195255512165562,-0.22750624109118578,-0.4141684913708048,0.3178420658924064,-0.16641087491891798,-0.1516743904015946,-0.303118566234016,-0.01767847459118133,0.10802059528557324,-0.2558452591350297,-0.05255536952340424,0.27116709999788924,-0.06878546741123653,-0.005687630254825062,0.11904257605402305,0.1893917578831558,0.00755789113766342,0.12459226063272087,-0.11569918058519586,-0.01364182899587684,0.1462605783572353,0.23672575952746402,-0.005873525740046892,0.1295699114876638,-0.31322707395902843,-0.19061005718887017,0.16883019558919576,-0.07526678523374936,-0.13123955440304405,-0.11544194115748381,0.2756732797813118,0.003994830485972488,0.05347715002591931,0.2298084943766326,0.5320765960389503,-0.22034253390364622,-0.3181742073758466,-0.31875341252806627,-0.24266621984298806,0.208255619786688,0.13195606562523632,0.14352382112743636,-0.14705151889159784,-0.1840556663383985,-0.07354878227302986,-0.15227052684566933,-0.2618633912649298,0.013320971745218468,0.09315141606018439,0.07254176791929806,-0.1225273197936714,0.14913440715346973,0.21805556942833357,0.10110488559451336,0.2782521246396586,0.11857115334780571,0.05656432988774208,0.01068254758444427,-0.2658170005680056,-0.005250457876325726,-0.10732721139456236,0.17601918771313924,-0.19562276517062205,0.27991533472426045,-0.15546226440039812,-0.10339105602423816,0.007271145099328647,-0.13070596642081508,0.332197977426043,-0.09214207965867667,-0.1394872123757298,0.16809712734769747,0.02504550530803768,-0.085931633921445,0.09892605650262679,-0.36564660972746676,0.018418977814003295,0.0024120814514297885
0.33283974372467884,-0.16093490632543586,0.9512113431829772,1.5789936010103294,-3.6997535541484066,0.0026100925246418036,2.7752523976528787,-1.4228375326826508,-0.2707146845463945,0.7559885244861012,-0.8558778085199218,2.8106012829680993,-2.9372804219373343,2.7429743216672393,0.07416597053804717,0.27626025806283305,-1.7025922535385518,-1.0903436709373302,2.095374509495227,-0.509239427890906,-0.18638479648446457,0.08732690689272865,0.5561126247328063,-0.2298813802591973,0.2562835353929586,1.1570082477828323,0.4219779158466035,0.14107008192834636,-0.9236069132616429,-2.866629744237012,2.0466268944339547,-0.19645274744860042,-0.2413925444796592,1.735382558153297,0.5304378181417633,0.06941140517419025,-1.0826268966093224,0.6415002468859398,0.6127092891798582,2.1214406541896125,-1.513810820862177,2.5013636618449278,-0.0029049315668836784,-2.580955722236322,-0.8679849104195786,-0.34077504196936087,0.8058717832419328,-1.7688869885969682,-0.6488011284218749,0.8557067116564496,0.010874315002309703,-0.30420448046868687,-0.38351636058709104,-1.228676605251759,-0.08461905847045464,-0.6302334548297828,-0.17210847322390757,0.9597582843860583,-0.3908809821725987,1.769479286692758,1.4534439788650566,-0.25458562538241325,-2.2616354788988895,2.65648335286064,1.7989733523586444,-1.9862185939559436,0.5631478056467712,-0.8271137193874283,-1.7299283060272874,1.8055519203908252,-1.9449163129747933,3.0551437428644928,-1.0446792519823815,2.170475614276541,0.5147601802154717,-1.4153920289859414,-0.08969197614582441,0.01250207564733012,0.24472805517731766,2.2471550724720726,2.752956062198373,2.707248072782978,2.484486789473201,0.2180576390642054,-0.41821750111406575,-1.5676950051749745,-1.1767261367117332,-1.9239665099943268,1.9084452612296052,1.7344129226434561,0.9065090319663985,-1.340190985314301,-0.5902220371281135,-1.191639972203861,-1.382583035323913,-1.3681940879774928,2.1716630999462527,0.6297668089419874,0.05251517173057246,-0.45608844148734984,-0.28869629541053743,1.3143951754684764,1.0756756176501558,-0.2431003632212574,2.7292003123714927,0.250437674265011,-0.13645816576974462,0.18888117996978507,-0.5004360447204944,-1.0603210755043102,-1.7906467753840214,-1.7185481737372996,0.5122480084135929,1.2284093621838252,1.1746041069258109,-1.1155661929266012,-1.6563066154999335,-2.395553904505566,3.036572756234451,1.258037191771767,0.9142433773778382,0.25826946173016346,0.2158937696108801,1.8306584593262663,3.1891600840225935,-2.2440431057422283,1.4977599315047232,1.0731243763836833,2.324718716382063,0.18773176876972342,-1.1479527024131464,1.9957727988076284,0.5907673842831436,-1.8760433592728774,0.4159875760022119,0.44712871671138826,-0.7711950044197935,-1.6226190589142495,-0.03815858667607561,-0.8368993739725029,0.8845443759160799,0.029292174239049437,-1.3012371816449846,-2.109630709252402,-0.16392942850821884,-1.2388290575189616,2.735173622555251,1.4778930520167133,-1.4604260314999262,0.7344352104291619,0.9995019690300686,0.9321073126284662,-2.103212403227984,-0.22124739830530882,-0.5561266616174164,-1.7876895351230928,-4.079600050125554,1.6470730940344587,2.7358322679641875,2.267290992715395,2.3093756634920637,-1.6814410397863564,-1.0123414957018047,-1.2354152906026987,1.0653527321511165,1.4839030395903574,0.5920412536195065,0.9988004150848988,2.135227883388795,8.831513562391688e-05,-1.147099111519155,-0.7647832594935402,0.9940218464036337,-1.4324396290221029,-1.7398465844642008,-0.7500865955101923,-2.098064091114434,-0.6291898450900395,-0.26241168008069393,0.009243475278449403,1.8816278281652044,0.06740680804855848,0.865298155791517,-1.5067986583892705,1.4293143408734275,-2.024124467616864,1.2186551938918446,0.8502752968628362,-0.09943159742716876,0.8861028772219577,-2.468750577460792,0.5272090015770998,1.002267618102704,-1.1653349072349322,-0.15285721572437835,0.6915574064518663,-0.6467747654248275,2.8193193523075264,-0.10116604575073562,-0.17444671742813447
0.0588960045809221,-0.04040718736831673,0.10810158280588769,0.16892126351685946,-0.4622097885891287,0.009780266490155266,0.3546457846233442,-0.17880372511541281,-0.05310145704700694,0.10713684382669865,-0.11324229549575815,0.32595014936135686,-0.3702228081469497,0.32389803647861404,0.02511096040202318,0.062388319708871105,-0.20457234159553592,-0.1465830540644662,0.2764787201967901,-0.07946726809055377,-0.03103731799636908,0.08721567541697478,0.058907796812699434,-0.02795575109484853,0.041109968645995476,0.17515387743497676,0.07921042404781246,0.022363949898041323,-0.11995259370682232,-0.35093710034503267,0.26723916201966796,-0.008764140965443052,-0.01770343822191501,0.2455695919468755,0.05183657756550821,-0.0036581957309631224,-0.13825110320193126,0.0661838560994043,0.06995187741537551,0.2511752063210727,-0.1860607138675305,0.31630448932850264,-0.01702633090749281,-0.3430441587069251,-0.11051180318712013,-0.049596721887508,0.1263667752231493,-0.21870253191847125,-0.09260577444810375,0.12349263805198725,0.01315741841302635,-0.048486804267100975,-0.03136145110541823,-0.17774607309251106,0.00021009194584092547,-0.07677073284959174,-0.0571369052368065,0.10975612306991626,-0.07501873799700016,0.23175173051341993,0.23365722708307415,-0.01799853529649667,-0.2976614039253312,0.33348605070297077,0.24113008503520175,-0.2435736100475715,0.047006564802400674,-0.06648901625337211,-0.2244530176138042,0.2309222187662874,-0.24887951524675114,0.39795456142149815,-0.13134955171404109,0.274741877345528,0.06612726292133667,-0.19948782383742783,0.00796966718017777,-0.02807089791793338,0.049178914988135834,0.28866707230122807,0.36780161417761253,0.3633372957758773,0.3247784668508034,0.04280743506007976,-0.03822696360256138,-0.22177307390895917,-0.14565636314702846,-0.268902768978242,0.2681945900137251,0.21355217802855064,0.11577472802495284,-0.19683184088062913,-0.08013630081466706,-0.13986291568826859,-0.19199923453734663,-0.18218990886834796,0.31801702725199105,0.04320079110793348,-0.014553612501947304,-0.07525774141838433,-0.03607850131797056,0.17812548913403528,0.12211011925556331,-0.010766470310432708,0.25043767426472924,0.5560241387905369,0.005048796542106088,0.013953514042381146,-0.05348881736177099,-0.0928293800933622,-0.21956944935069267,-0.18551891153543906,0.08544937960214827,0.14850832959331214,0.13024424669913368,-0.12217956537301773,-0.2138602605587962,-0.2706241236065818,0.3918825536349698,0.17119886513150348,0.08875995456011006,0.05544101504380815,-0.005410599778215756,0.25082776805788404,0.39429274247190027,-0.28879142126037904,0.20857548675033916,0.14186172903415759,0.3272331092684657,-0.009186019374196492,-0.14904090444146426,0.236502336254746,0.059830966168850384,-0.23985006069950718,0.03453596829881672,0.06030579107106069,-0.11701492899544487,-0.17687404143238072,-0.018893496301555946,-0.11246739098618633,0.08931792019124361,-0.006559441855910055,-0.19510048100147928,-0.23179805519454982,-0.0713910303065532,-0.16532451786555522,0.3464441571198923,0.1638078819679165,-0.1646447092081068,0.1075678252987051,0.12765464047894295,0.12251651511647739,-0.26034290216632205,-0.019825063953978463,-0.07116631525005677,-0.2601980358895243,-0.5219704277533309,0.2114121024461186,0.3525341244456152,0.2538982334675162,0.24800017514696124,-0.19954337338398312,-0.13252155252243408,-0.17899165376672638,0.11347623547776131,0.19824786003579836,0.10480549670109156,0.13586636248109848,0.2744978431521329,-0.01709553669993461,-0.17468321322854574,-0.09874626380702771,0.14785569510508878,-0.17895993008417146,-0.24026312090482238,-0.14330180463003697,-0.30093412890225224,-0.07438903499399332,-0.06528299304169746,0.0011389482104843924,0.2446841674535781,-0.02054509251003442,0.08812504359401532,-0.21252666190214148,0.17419006510886434,-0.27358190260660503,0.15102862849588147,0.07697834966391764,0.006215382537462382,0.09241755549718104,-0.31003664466261877,0.08787762973250744,0.141198093379089,-0.15803308405796876,-0.04505718493334178,0.07423320093863124,-0.05773089231580247,0.31177219985932114,0.0003786188903204058,-0.0006597927451141455
-0.021415766023279714,-0.03433033806884247,-0.05597595746496088,-0.12033095213961076,0.255089212477978,-0.04339403398334372,-0.16104158645901706,0.07770465112704654,-0.010208860882789963,-0.03801421676569719,0.02079617062050909,-0.17474282511672123,0.18414580324700086,-0.18396868832380436,-0.02022661723506601,-0.023899517721238852,0.10804516251394158,0.062456483856297505,-0.15164289278144383,0.03289979579395921,0.03391543107272768,-0.0436388114958395,-0.012963009455846788,0.041602142249534374,-0.005156218247152301,-0.04022694095284912,-0.03031823908017106,-0.01794748125256345,0.05379103714296045,0.18306444872425906,-0.1504681182899983,0.011938744333579923,-0.014721640292114506,-0.12999254259504628,-0.06449704022158399,-0.009755022803921334,0.07781220747481153,-0.06491479105990068,-0.046228754966054435,-0.14286896385114145,0.107888287434935,-0.1691685029539856,0.001707879586323029,0.1857565674484494,0.04526397811065517,0.05307053478621676,-0.07819221993354356,0.11862200784500382,0.04927645985525218,-0.07367015095888428,-0.017305936707044244,0.031053955170950318,-0.005191709074455658,0.07525118337732675,-0.015187795181974778,0.0028322616642633743,0.028556714140824533,-0.03742719168063301,0.014327209287888502,-0.10019603867279492,-0.09174772477972123,-0.0036484390824345295,0.15040598607829664,-0.18145555871158547,-0.11609685715951745,0.13192638809190468,-0.02289784029422033,0.051174339040966715,0.15046554756504216,-0.10461369816143826,0.12747446644258964,-0.21517079798580108,0.06745823674093854,-0.10248333723492749,-0.0386524416151783,0.06864940734338706,0.0021400428456206126,-0.009579396100195087,-0.01836414970036122,-0.14707292476388,-0.20905169525156703,-0.1849396918290046,-0.16453109247722725,-0.04306247035342302,0.02895951334382549,0.09784608722235479,0.08727847110129239,0.13774291358950086,-0.12998553133336604,-0.09870190697280176,-0.0756750443107201,0.08305100851511003,0.062288464040886955,0.0964211581754655,0.09190984037276752,0.04303604201179349,-0.16016998502961774,-0.040349469766668575,-0.021712606887372886,0.018403659282957868,0.01908436730688165,-0.11613260691300828,-0.08691323751413325,0.04847598458773419,-0.136458165770922,0.005048796542095321,0.5735705249024342,-0.03713568905662955,0.024066786564429732,0.026473514711220808,0.1136657128442533,0.0789139808628451,-0.037631068886517904,-0.11819409066709832,-0.08735313957561143,0.0685437676117558,0.09109175711936769,0.14422479596231746,-0.20366955615953952,-0.06558429566522501,-0.039735153820505076,-0.0041508381177027594,0.017638492617944937,-0.13915226989491447,-0.19976824309963276,0.1268965727617246,-0.10719577216786316,-0.054758417091217565,-0.15207259762125333,-0.0070898008860791496,0.08567331508393665,-0.15348616532142811,-0.057658940310977735,0.10772748067837686,0.006990227679862959,-0.03241713187437817,0.06152277880846696,0.08202172459777078,0.03463946919234001,0.08507175839463009,-0.028160596291985057,0.010059755860945055,0.0952331599454156,0.12814164761229793,-0.013616192289113252,0.08459605575765339,-0.18991023169669613,-0.10518719064325559,0.09209537535879131,-0.007982255570564986,-0.06812084748018227,-0.033129257541565156,0.13046953320318605,0.031975325770300156,0.030790095760670076,0.14081812252528123,0.23702686511410592,-0.1197819251192446,-0.19331148074483953,-0.16736993217424884,-0.13290942842569226,0.11058907110527948,0.07676845951635894,0.09098995323698562,-0.07795211372793388,-0.07263312749454033,-0.04323777647167653,-0.055474975552029224,-0.12147009522053799,-0.009581434472929978,0.08034171190685796,0.10828946279707397,-0.07132038607302844,0.07816925802970827,0.12252866098980486,0.07134084118203132,0.11561921309060855,0.016449532763088713,0.029645986457770883,0.014413720794779341,-0.11948804666727854,0.0037405529299162302,-0.06283485382948692,0.10378029390361937,-0.11666837336012867,0.14265690186553248,-0.06271195111399665,-0.07798104388395014,0.022269877898554447,-0.06832319465309812,0.15484172826000409,-0.035853613452106345,-0.09302086325678063,0.0964224416422855,-0.002085538382221963,-0.028291997287594985,0.04241244330999158,-0.1966964051801801,0.008699091395494282,-0.006428833891214642
0.0035421494311984837,-0.006957013689352885,0.08766469223868925,0.1735887787635858,-0.3623570374710751,-0.003781144903728022,0.2711582790531185,-0.14938684488203233,0.013607856423356718,0.0941874342433519,-0.11382805042187034,0.2581638530986998,-0.31146131937305577,0.25901363592323784,0.04741327888896482,0.007721305157991121,-0.20784695208552462,-0.10014578307869643,0.23789922778759737,-0.07564327016599302,0.007880576064227145,0.0008048817859382575,0.023751795717738618,-0.010707391389426044,0.024848201268565753,0.12574552080003856,0.032953305204894354,0.0013584298584028258,-0.09231879330016664,-0.2597908631379066,0.18797114394534545,-0.008045449899697889,-0.047584121477225474,0.15839521897676734,0.06626879778768721,-0.004870966926489313,-0.1247861059655406,0.06709713715990859,0.07913529194093052,0.23252907273736,-0.16476300585870335,0.23802419835648053,0.01683944274298832,-0.2713467856184456,-0.08664763185483017,-0.04654347157707258,0.07594641788864423,-0.16739361743003622,-0.04911579085039547,0.1373294224964796,-0.020956333817321777,-0.024912737714080955,-0.03626279160231731,-0.15568102930640057,-0.023292267164522526,-0.025937720905441615,-0.007865698794562418,0.09811423117138052,-0.07040210499952754,0.1884421873557328,0.1645240640469553,-0.027083481353766706,-0.20499701440004545,0.2899735651515541,0.19138522442746606,-0.21796147883780922,0.03722287953252043,-0.08303505539326327,-0.21729633116896296,0.18447921323960845,-0.23847199746734285,0.3021809914703004,-0.11496515720932972,0.2719121820860056,0.05202800546946504,-0.1460678545274226,0.010031465070273112,0.024510389015161636,0.03982591089103244,0.21160024229381694,0.2810250308574849,0.286949205594868,0.25649249971877053,-0.015482978205599006,-0.04406869362892839,-0.18241161473545767,-0.1380811166078062,-0.22176831953932366,0.20260039437986702,0.17636442813572661,0.11861143767267819,-0.13198726878495284,-0.0839455873913929,-0.12667550303001648,-0.12234962149092005,-0.1646928707522517,0.23962511445404736,0.05659899229830375,0.004718540335240421,-0.09373954366213419,-0.04120949429832685,0.11125706810578091,0.1373450958696107,-0.055322509689224364,0.18888117996788156,0.013953514042332651,-0.03713568905623305,0.5692489874998222,-0.07062065882874304,-0.09512702113683656,-0.18686087701984702,-0.1766289718476132,0.0642395526458349,0.12283243931888291,0.12681257689602923,-0.1162947661386029,-0.16361095347805305,-0.25862521880881884,0.2884083101417581,0.11463453382020859,0.08714864534843586,0.020390789203486873,0.06968865027693774,0.1860973436414944,0.33458605793899826,-0.2454596043982647,0.14495286425582857,0.09292064874619306,0.1943314325660127,0.039844762126274136,-0.12532257678387632,0.20892462104902304,0.08662272723468364,-0.17666889505005584,0.07122760963073009,0.032052827438815594,-0.1098242735544204,-0.1423737774159219,-0.012036720768532374,-0.09785902892621155,0.10395455411487063,0.012373474944884628,-0.1349341719661064,-0.2097772637944391,-0.04358319203573176,-0.112748526802352,0.25739055273801537,0.15788419180015784,-0.12650997997707047,0.06297130656108274,0.10498230168957386,0.10582388268668501,-0.23164875515128108,0.012462553629958972,-0.056297639083446926,-0.17583273675048192,-0.40912751836918176,0.18513373560788146,0.2719293510515951,0.21213966204927728,0.23467928158115048,-0.13028460348628557,-0.10472355296769559,-0.1290991960217227,0.08945089899347242,0.1691554250536854,0.07706564942567948,0.08794524694145806,0.24554091222529745,0.006103404069988483,-0.11945522599706142,-0.05210932312476631,0.015337126385675475,-0.1241365483534852,-0.19275364552424104,-0.0725625538617733,-0.22103070720931853,-0.07760691938208239,-0.06646029272563525,-0.0004189061297162622,0.22019956418403028,-0.02359537445866664,0.11343549020425944,-0.14681213389652567,0.22263708005991642,-0.23973922748193213,0.11798675440074356,0.0662675492821968,-0.007420143062508049,0.08453528910941246,-0.26762208423973327,0.04439658379789144,0.10345743213329535,-0.09372453546637412,-0.04367435895441738,0.08595344252580393,-0.10651551793811471,0.2873203711263574,-0.02216036008325134,0.00397411726813079
-0.09331466290227826,0.0439156405255648,-0.1943606615546268,-0.3241170782670109,0.7649735780078811,-0.032711774267995646,-0.6215988433387757,0.34038714163569683,0.09868401932757734,-0.17836358825330112,0.21361534911594546,-0.609915579239459,0.6389671042373997,-0.5907004786357533,-0.031242130794194477,-0.040003930374352355,0.3717762703603836,0.20369910161415117,-0.4648971553050955,0.11968265085371572,0.04059537559006447,-0.024727561538550373,-0.1433283909886478,0.06303724851734414,-0.07854581007573805,-0.27969963072533494,-0.10776597350215367,-0.022224560373791582,0.17124312688343687,0.6298876759065972,-0.43770724260236027,0.01757019921355749,0.052866859627975396,-0.378377792357587,-0.10969717434708677,-0.006515980788811739,0.24102163924494766,-0.11603053648285482,-0.15132043657684605,-0.48452189403529194,0.3512390504151525,-0.5438112505541965,0.02147172709712364,0.5238184903017395,0.16847813113838903,0.05660787285286245,-0.13152822789945565,0.37917711250501757,0.15347468210480072,-0.1997811361118848,-0.015517950405299748,0.06154612273351808,0.07611738405131091,0.30539243558070434,-0.013620724911073185,0.17208697590241864,0.05651200202753909,-0.22190189989059483,0.07369716059677156,-0.3817222892199036,-0.30696572010912926,0.030114073329835463,0.484324258337291,-0.5462652545319371,-0.4020001461263631,0.4211150674909951,-0.13873742793909477,0.17140547542109436,0.37659615866694723,-0.3838864284155907,0.4047481797488,-0.6419625397953321,0.21487793554449816,-0.4502063533082279,-0.11407090901536343,0.3059410455781153,0.02529811144108726,0.00030909319542703336,-0.03564708907675566,-0.5113474048664236,-0.6031035977679252,-0.6074554446998733,-0.5121817095424245,-0.04784201673036069,0.11519563022156064,0.3532042971143063,0.2615971378711803,0.4278572721144898,-0.4411838760673382,-0.38998257010558435,-0.22135668531678435,0.2691789145114041,0.10398759691515144,0.2743356204844706,0.27958210344490475,0.2707221283715048,-0.4845809599311591,-0.1322577738021903,-0.0032367029866964755,0.10122288294384463,0.049245091560340515,-0.25751588291035526,-0.26565730111415536,0.07812817616823235,-0.5004360447248145,-0.05348881736205437,0.024066786564539047,-0.07062065882976558,0.6589062341259126,0.19234587267795672,0.4048371206343946,0.3833266073858627,-0.11454406851006114,-0.24249563418578707,-0.21621746742347864,0.24440978333548832,0.38550099173953256,0.5111132546264158,-0.6658352352189432,-0.31415850776953513,-0.1938478159834128,-0.07656696211001177,-0.06577371910818144,-0.36109584771943665,-0.7172459922108434,0.4906036879804701,-0.3392059846357286,-0.21052778386937188,-0.48115072135154735,-0.017352888942137608,0.2547235144432653,-0.45977783374247394,-0.09446005554665421,0.41032429430612793,-0.06917724119886627,-0.12058586515980077,0.1832051123403679,0.3481937142467868,-0.03961530440347788,0.18440173128349405,-0.2019824954203672,-0.023001236131702386,0.2626961804892545,0.4733110854170527,0.07055213848621542,0.25985696963326665,-0.5937004144040686,-0.34305858302872505,0.2950509527875751,-0.14928293794719835,-0.23533713906271908,-0.21814477715673372,0.461955974924404,-0.0007549720744684661,0.1057722158584449,0.37131715914374475,0.8823399824339659,-0.386134376081055,-0.5888330413868438,-0.4906271706506454,-0.5253993265938901,0.3969399023722503,0.19762946533021855,0.27982909665279854,-0.2612768406892075,-0.31961374880402443,-0.09451436633903001,-0.24816364020702214,-0.456694695244225,-0.012252950329216573,0.2257587113915498,0.1533757231700426,-0.21740482113645182,0.35862557651915605,0.35966477968639576,0.17520827436902076,0.46460219900717714,0.1408262863745753,0.07144649532059791,0.004370820376416274,-0.38948010763428376,0.050776599857918166,-0.18759463289748698,0.3492533618554863,-0.318092798562016,0.48177207482046486,-0.30169559028224874,-0.20514335266073286,0.01702602101173131,-0.18250146790625532,0.5240652412072286,-0.1168045081304268,-0.23414120079847411,0.21943953513234432,0.02401018346475781,-0.16275235948426503,0.14311240251211535,-0.5838413911575837,0.03186832337916091,0.05131491035417517
-0.17722648342795416,0.0659057292896844,-0.4337402508534089,-0.74459128696639,1.840099593542893,-0.0021662551992311973,-1.378421990612787,0.6875958517737166,0.15249056485460047,-0.3915304630487247,0.42451913259924967,-1.3696682129531004,1.4078234845343593,-1.3575348937482878,-0.08189869469128627,-0.13280580782352205,0.8465371070732499,0.5190502233924376,-1.0378451198061138,0.25693997054113016,0.09826856133773246,-0.05860780227355849,-0.2737947304208294,0.09433932587021654,-0.10470304962187774,-0.5621340224596463,-0.15676366134749928,-0.01994305786309135,0.4732837229079077,1.417562451881465,-0.984683457446916,0.09189502006453194,0.06150860443007663,-0.848279154973345,-0.25866113550074243,-0.03883208561357704,0.5637057067611762,-0.25293228076263485,-0.29333077972985433,-1.0725121780343811,0.748909491209358,-1.2037963571864272,-0.04121209013324915,1.2675760342639517,0.4050870554216409,0.1772335244858418,-0.37268082368361144,0.8830105991531253,0.33560884932110846,-0.42675452770916333,0.002955542975287738,0.10540345400563557,0.15537958398071966,0.5940477421812098,0.06614617409517307,0.29087535718299506,0.08290575059885964,-0.46491058252914,0.17064425394705288,-0.9027840545920476,-0.7119520286654676,0.09564169813390358,1.1058660424961926,-1.3413973750173407,-0.8600719505528602,0.9768545989684755,-0.26743382173033375,0.38701381270814716,0.840812067392022,-0.8620839090870163,0.9663762147104876,-1.490717470178307,0.516945491833208,-1.0216844776931526,-0.28278978730758414,0.6562764993128534,0.047056474427077756,-0.02676734224235656,-0.15547017352784803,-1.0729437454836652,-1.3680268699330331,-1.3441726570633912,-1.2330001924646279,-0.0822633909727927,0.18572474840205483,0.8225704960934316,0.5910864395499282,0.9371158257405178,-0.9577117976795594,-0.8595151883330763,-0.4544485154050312,0.6857693584399932,0.2686392426319486,0.5782223525325324,0.7016935677655302,0.6225075724081556,-1.0712699638749836,-0.30593044108634593,-0.02008791749898268,0.2374972844176297,0.14826058004355314,-0.6214025971237813,-0.5230528536642478,0.13779959179853635,-1.0603210755016987,-0.09282938009331873,0.026473514710494347,-0.0951270211374051,0.1923458726753142,1.03684265965782,0.8950210608849272,0.8045067528693911,-0.23153544889959518,-0.6284913329603001,-0.5952967945518366,0.5486090278015767,0.7840255303261594,1.1762990281326637,-1.499330432665299,-0.6617185948530371,-0.43636422055381113,-0.14269082709731634,-0.130047499214437,-0.8794230003463791,-1.5687408988477376,1.0997261879285818,-0.7252956350677552,-0.5472596689560696,-1.1336943272062234,-0.07211484150900316,0.5086755763579411,-0.9343781404200059,-0.3271082282489033,0.9046048042104327,-0.1904827385912411,-0.2429031630251773,0.41331889162761026,0.7808683767052438,-0.009137805714800877,0.4433086664530047,-0.464144586673325,-0.03568621378684358,0.6491667880679762,1.0161210452042457,0.10257756079044184,0.5831890820260235,-1.3486480658498228,-0.747103747712549,0.7074923463010366,-0.37002857292793856,-0.48291087726774073,-0.47091919441427366,1.046792112731736,0.08052319784881515,0.293831657763918,0.8776547270537709,2.0206780701058866,-0.7651348656115153,-1.338532322925941,-1.0820577932764048,-1.1090418922969638,0.8074688334530996,0.48073999191365824,0.5844689948435915,-0.5204043427013493,-0.7164853817994788,-0.294879110609135,-0.5017907045131077,-1.0316395967276712,-0.02065874766235821,0.5876877507261035,0.37264867974276783,-0.47167008394948023,0.7334201988423402,0.8451514849622116,0.3793862437821907,0.9795479746256002,0.2991665967954129,0.12888554988379028,-0.00514726627553444,-0.9488185388295238,0.0073713527003877385,-0.43881572628705057,0.7624266396977263,-0.7425933348975418,0.9867280484447823,-0.5930562573450959,-0.4513314020044083,0.06340009952529542,-0.3813734728327442,1.1796583990623637,-0.286243160576438,-0.5048636379791288,0.5793005271851941,0.04067365906568329,-0.31679232165004756,0.30182259651942506,-1.393674002605434,0.03709656177770948,0.0738330961218529
-0.2881787866999108,0.11545483867388509,-0.8073817544622391,-1.3321653409078786,3.1376049432592996,-0.016535230510966545,-2.3108813913778548,1.2131303752821478,0.18954860508316693,-0.6649008914445448,0.6973278231388332,-2.30169557264018,2.430370174440087,-2.3068453414278145,-0.08896205468463372,-0.24404167368962115,1.441547261735391,0.9366461172425286,-1.7679778302428277,0.4424496672464101,0.18285757511877618,-0.09934077524420072,-0.453579519456744,0.18403024635170231,-0.2277646472578335,-0.9990427463993324,-0.3197681960028472,-0.09313111071878735,0.8177386891007998,2.4074878553632724,-1.7099729144014708,0.14262651735672707,0.16551354651337186,-1.4515226117730737,-0.4255084632434809,-0.07650624622926178,0.8958398907624204,-0.5568404113955039,-0.5076662637097384,-1.7500501922627065,1.2279250595244258,-2.0519595815375147,-0.02717488541251288,2.1808078829183706,0.7260908006093764,0.24904474361410983,-0.6763868777515588,1.5077415725155738,0.5694102506653754,-0.7263211371975291,-0.02667255688012933,0.25107424290591096,0.3198784499996785,1.003436274755904,0.07618769693504554,0.5272058674866916,0.14390261380024752,-0.8274770719931608,0.33732955587923436,-1.5164611813206799,-1.2155950786044574,0.1673855771297607,1.8976396611159307,-2.2305033510001273,-1.5348292256986258,1.6297808749084584,-0.5047144843459317,0.7120595169154847,1.452223308109165,-1.487000625987308,1.6144024863267028,-2.57337639680959,0.8945605067724777,-1.7807598313388793,-0.4431622223183448,1.1781973474912513,0.09088077327814914,-0.002996489112839903,-0.2065326578170097,-1.8431381062402818,-2.3035420686604393,-2.2331435219751516,-2.0889038107205886,-0.2249688828270132,0.3624443344798274,1.361310986357409,1.0066276522145148,1.5921859264396878,-1.628420943080226,-1.4456151359820815,-0.7325421305335648,1.1481866203349358,0.4617099975957759,1.017543323264736,1.1577482693201617,1.089284329110437,-1.8870943276221428,-0.5389321923772904,-0.050821915992146874,0.3844939032965437,0.2776264772088334,-1.0831691205573786,-0.9584858534035415,0.22339293137550606,-1.7906467753773296,-0.21956944935009792,0.11366571284289129,-0.18686087702048884,0.40483712062959426,0.8950210608838446,2.1032446547712818,1.4564103104433268,-0.45042195607007945,-1.0344846499028812,-0.9943538061552222,0.9133968135224398,1.415953887227712,2.0221584324703183,-2.5571095378596884,-1.0608961362296563,-0.7498844870700833,-0.2663962980492761,-0.19390799835986333,-1.5121010551287806,-2.641385619531594,1.8503345721898998,-1.2489093040725756,-0.9418542980027841,-1.9401993425827133,-0.1437547879435727,0.9067567212218749,-1.6768720114815294,-0.5060194615928026,1.5427777142251353,-0.33229862757977957,-0.3572536110766655,0.6940564594394455,1.3582607967836064,0.060596496271307,0.7167498271634665,-0.7240186450108846,-0.035448892432819235,1.1455719430283804,1.7486239197657603,0.13504350685632063,1.023096462433852,-2.283069565445048,-1.2417881232958372,1.204293126923528,-0.6400054883533531,-0.8249228846178268,-0.7788519743981209,1.737833153969383,0.1705174050356715,0.4723087402343446,1.50167267513784,3.433530227196887,-1.3526968689717407,-2.285519688851492,-1.870880609234705,-1.990678793529431,1.4319386409736805,0.8535803975052005,1.048319940160126,-0.8792261626623977,-1.2019897744913421,-0.5375527801454447,-0.8450479332839966,-1.793249120082388,-0.029832615442910076,0.9308228586583528,0.6245258548896812,-0.8041467781952751,1.2104343494007954,1.4494343221311488,0.6164838602131707,1.6925367833060556,0.5178968761673529,0.18702377641083456,-0.043871969165817384,-1.6308842074220757,-0.054430318573224834,-0.7488904320567981,1.2648053892634392,-1.2204080872234429,1.6952533307851647,-1.010515204502038,-0.7700273312444536,0.09971876580836671,-0.7286837173443023,2.046390602970486,-0.46318079494055087,-0.8728752909143049,0.9277694317410732,0.137758116746258,-0.5785722727620916,0.5670230400315562,-2.327740490907783,0.07990004951016105,0.12120215503569756
-0.2978096158236314,0.1433111565175237,-0.7592848379161284,-1.3074288228439057,3.047698243814879,-0.06087345973121598,-2.2382080935708846,1.1482374099996813,0.17289703786897534,-0.654342998164669,0.6565527397394254,-2.2700866034789065,2.38170719606443,-2.2272974174330353,-0.08855645332048463,-0.23054551309181176,1.3638907435442869,0.862597139113617,-1.6978934193191524,0.4157008797568034,0.20471605290132347,-0.1339829711952592,-0.39561794730240113,0.17687650211564176,-0.23110956098377722,-1.004171067326584,-0.30753792485133724,-0.07556856521482928,0.7301754735801558,2.3629892458919137,-1.62940728732931,0.16762290791958565,0.17646653369977383,-1.4077784360595782,-0.42334224110695395,-0.07905776527349564,0.8883520220248621,-0.4688939847225375,-0.49665140753315473,-1.6948306825242305,1.2031551560300386,-1.979336697524977,0.01697780228482551,2.0763781695526915,0.6790065128386986,0.2757243566325173,-0.6480472414547599,1.4642168238390187,0.5533865450175806,-0.6672631036669803,-0.02845389784874551,0.22647038647091255,0.28551361466221237,1.0083900665176104,0.09906646676901727,0.4836057382889071,0.12189087405505493,-0.7704279478486132,0.3455329817559469,-1.4221511867298393,-1.1878057699531581,0.2100484519105825,1.8472398070535263,-2.1289075718383352,-1.4688235011838504,1.5924517335087025,-0.42895560314906656,0.6571768442567493,1.3830292598592258,-1.4710108833492888,1.5434366286071821,-2.493529537528259,0.9029356062706589,-1.7164445023014192,-0.44335473041849005,1.1342143534955378,0.07653136227849508,-0.044333416969651485,-0.21495416676141088,-1.8172179219014961,-2.2700639699919214,-2.199528445323172,-2.0073123377069697,-0.18429264774695447,0.3688747734842513,1.256307341631685,0.9723160006987258,1.5908400954872022,-1.5417213196961608,-1.4550794048736255,-0.7274830662991211,1.091548369818649,0.44069346204844106,0.9536178331252896,1.1283439382402445,1.0281981326027814,-1.7778592582074633,-0.49954701760991455,-0.05959159959432635,0.3896729910484029,0.23071242713477202,-1.0679018855367926,-0.9239946817971679,0.21115399316242864,-1.7185481737360768,-0.1855189115351747,0.07891398086201631,-0.1766289718489862,0.3833266073823905,0.8045067528707514,1.4564103104474633,1.929683247111215,-0.4072716251536812,-1.0065511902352025,-0.9020576990858612,0.896039130438022,1.3206779224706573,1.926373250018314,-2.466529686709024,-1.0683861633719405,-0.7587585577703502,-0.2323517039986233,-0.201865477050165,-1.4714913118442197,-2.581510365555559,1.8377206847299792,-1.1922191842629941,-0.8622269090465091,-1.8017762798915227,-0.18766269855010592,0.9021541356234974,-1.601768134163504,-0.4881314493500943,1.5474482549114015,-0.28506414580187045,-0.3800861811052713,0.6490429132807681,1.313381739969675,0.012192900239329188,0.6593807524335542,-0.716827023260683,-0.042384187262162344,1.10808930654106,1.7298706938380035,0.13517206200132056,1.0111893051627927,-2.187095666553854,-1.2158399828750368,1.1547347124956415,-0.6077302393286435,-0.7918671314908503,-0.7937498362234565,1.6946294121299341,0.1870147509346811,0.4891961838313126,1.4261011212833956,3.2913303568650814,-1.300358675404114,-2.207887527276485,-1.8358202058436681,-1.8833836735842335,1.3304024755710457,0.8427272095086699,1.0465813570960394,-0.8350150854154784,-1.186948621396911,-0.49158000394832785,-0.8222884465466691,-1.7351055620682332,-0.027236900923914134,0.8877733847254875,0.6265072550302107,-0.7898727505882486,1.1709478045896309,1.4303965559762517,0.5896266347074216,1.6160669298195234,0.5116953169342483,0.16654069896001011,-0.03443851060311623,-1.5371072058275312,-0.010461222093753761,-0.7236569879720093,1.2163771740298435,-1.2188241210599946,1.6713292612370996,-0.9788205656543794,-0.7058998856955838,0.0913779251993352,-0.7441826363527535,1.9641172699181342,-0.45391546639843683,-0.84313838493551,0.9368028319005759,0.16331867971586864,-0.5536872402699266,0.5169549244686109,-2.316510755826949,0.1043319035240323,0.12580623459746285
0.078430383763557,-0.05983642684756269,0.2589028545950296,0.3767720518495184,-0.8957866779509291,0.008782425247110783,0.6576967708176653,-0.36845123500013577,-0.04355583543143811,0.17792682462173778,-0.23995750171677674,0.7096190022042796,-0.7467019213085375,0.6889099546676976,0.04732977427185715,0.08567202171917412,-0.43964013138037916,-0.27495231520015506,0.471205426043257,-0.08456393757333036,-0.040896811777254204,0.01735375060510878,0.13826593171707235,-0.01113386829140664,0.056505288962615634,0.2958841327613002,0.07707089234130104,0.02041953870264405,-0.2412632770882922,-0.7154739854165875,0.4998772739891213,-0.017284567574750664,-0.05487464725788097,0.42431263922296253,0.09840756864433814,0.022554008294176718,-0.28541843967570224,0.13656297910633503,0.13122489271724827,0.5363155439167966,-0.35664982785385224,0.5731294519783333,0.00630622458575163,-0.5688523459043898,-0.16645605252633638,-0.11422671685546948,0.1664067175957734,-0.43072647506858885,-0.1927181106098041,0.2177547069599417,0.0011257201423114094,-0.05089684079450188,-0.05096863578060058,-0.2981628098115618,-0.006473225664770876,-0.1577801430626999,-0.056130989784239284,0.21611121456624258,-0.08953223799363882,0.4004537111553831,0.36476180365815375,-0.06176121537643992,-0.5587586544057688,0.6602719747001099,0.4046213784440393,-0.45277745650963097,0.1384813675037962,-0.21027422781450492,-0.4065215464252856,0.3944221582317028,-0.45759017393232226,0.7548733675256087,-0.29780239406909703,0.5240874769406272,0.1299989925101507,-0.34016330673130585,-0.02206105362677426,-0.006190947526667288,0.0630269403954779,0.5580891624588854,0.7145712864844154,0.695977585207328,0.5936189996704933,0.03296769106822707,-0.10277575559491564,-0.4176011829225366,-0.3225110647591489,-0.45953376866622003,0.434043497089387,0.4203816490976773,0.1867446246913179,-0.3151248405794866,-0.14509569240294168,-0.330623623107417,-0.3295222823002959,-0.3215075533648774,0.5424659903308537,0.11024317595227587,0.01441416588596815,-0.14429543866906747,-0.03728032732241481,0.3117364050745849,0.27593106724681543,-0.08336574295706389,0.5122480084074305,0.08544937960173596,-0.03763106888565823,0.06423955264552972,-0.1145440685076291,-0.23153544889733507,-0.4504219560667455,-0.4072716251491189,0.6359170085402744,0.3051773472550401,0.30920108895972975,-0.2946530710270667,-0.415514544808424,-0.5469574219305792,0.7315710431747257,0.30548544465127997,0.1794302567489433,0.07386948207704308,0.06100037670986977,0.42699683240340375,0.752380233113727,-0.5049645809231323,0.3892589520880988,0.22742140732118968,0.5494731525093453,0.031619625425564,-0.28252637121040114,0.44503720176328143,0.13693834670119792,-0.4636718046549486,0.06925384466037647,0.12778643696970235,-0.1402816442710198,-0.37260437458722107,-0.014193748550626745,-0.22775166204737005,0.20223894719870336,0.022808406413695005,-0.2731249214385749,-0.4932303583579288,-0.006224397109194897,-0.3232884372408214,0.6789000516010748,0.3562458797521459,-0.352668064877482,0.19107824157788433,0.2502854929576968,0.2254776072943725,-0.49536222062215773,-0.03669845915323625,-0.17359804402455659,-0.41307755941801505,-1.0029021148945216,0.37289777508950644,0.6628541606996247,0.5517971128269924,0.5888571047841723,-0.3994901070393319,-0.25541429237353697,-0.3318473368033861,0.22378638217350583,0.37116330711835466,0.1198680628171503,0.23476253337581374,0.5056050614491462,0.004202104675348468,-0.22919889978053337,-0.18526783547040027,0.20749189203657603,-0.3489508995339705,-0.4112183327652757,-0.18614054598699603,-0.5015421465937773,-0.14676534482522471,-0.09269610785397862,0.021383907246281645,0.42320350219830793,-0.0009170327738703098,0.2421040087154925,-0.36613991627947273,0.33984858003819585,-0.4997115139704582,0.2703489790618991,0.1923264489032904,-0.020846655147163558,0.20440492001731064,-0.6103583022162817,0.12620615432019566,0.2567677057780253,-0.28520231747089914,-0.033507048419352745,0.1626369521757454,-0.11297329192496983,0.676729469210573,-0.04629747102103042,-0.06851946540211962
0.15411317141814385,-0.08918564498165528,0.5392863292472566,0.906109573867107,-2.1190091911381237,0.0063943459092446,1.5851762893411896,-0.8356159529882056,-0.13797482421454899,0.4432555279593641,-0.4642579747539938,1.60608698146875,-1.6699436716523404,1.5556622819431558,0.06718374773659033,0.18322201749819833,-0.9930645244197738,-0.6390494507265285,1.215033888621659,-0.30515074980165613,-0.11781506639818246,0.040102955282909886,0.3184748832663459,-0.16569227918454288,0.17199526448655617,0.7115328150619723,0.26779666524977697,0.05519338905018727,-0.5401116672724078,-1.6525556332857558,1.2147699143475232,-0.05252171115690815,-0.14421277074599795,0.9796857411671198,0.27029382520280415,0.04692233521698174,-0.6490816456500984,0.37914711982085925,0.3229799392772901,1.1761198508275434,-0.8414309414252795,1.4788209333686306,0.024383468027330983,-1.5303618512821162,-0.4957457621712646,-0.21565212958183175,0.455298821135787,-1.036011419950114,-0.3679968492450724,0.48167861816330404,0.01687990954567689,-0.17306555633329673,-0.23237509255210387,-0.7096635405408473,-0.03096537887114189,-0.36099036169883286,-0.08294122863565968,0.5317874925602133,-0.2368849730908664,1.0299029613091821,0.7906125433493776,-0.14333975148819172,-1.355027953131652,1.5420011205707052,1.076641158012026,-1.1355682832545984,0.3484004613887042,-0.4787786254668928,-1.0027362428161775,1.0348408265893938,-1.1051944995278393,1.7384513681633162,-0.6497859605260958,1.2279230868534607,0.32845273699614963,-0.7922855699791079,-0.044003019123188804,0.013021041679125349,0.11048503776776583,1.2722493843631837,1.6261248145530984,1.5555484736986842,1.416983121519165,0.14372392716691204,-0.21945690976798327,-0.9303500283532418,-0.7374702363917004,-1.1284426510921437,1.1099170218588632,1.0264837743924913,0.5521643817699057,-0.7441855102869912,-0.35516712672276246,-0.7096660344894594,-0.7734895992292119,-0.7752149871109983,1.3024638322349258,0.38309904325452904,0.05926920054361819,-0.2520135459160853,-0.15383410853174456,0.7811982548170664,0.6303920337888442,-0.17326068484906287,1.228409362179567,0.1485083295930134,-0.11819409066613477,0.12283243931937037,-0.24249563418250555,-0.6284913329596712,-1.0344846499032934,-1.006551190232674,0.3051773472574332,1.2440300464347454,0.6830325457936176,-0.6326325150024659,-0.959924023712729,-1.4000999477773495,1.7954991134060838,0.733788713614712,0.4967597793594084,0.17841259078838212,0.11267201746008713,1.0110964947166472,1.8538786263207105,-1.320880218661918,0.8773765575154352,0.6289885990411569,1.3280249190672255,0.11270363038354372,-0.6607881047338676,1.1314842834556917,0.3417307590367053,-1.0813060710507414,0.2314270023378057,0.2827540411392679,-0.4916381182364881,-0.939516880978675,-0.02869522080469863,-0.47788451190413234,0.4974019557078619,0.05543299167712424,-0.7951052709151427,-1.1967540884258239,-0.1063496309069377,-0.7153529854961775,1.6255825801687358,0.8683863991588217,-0.8370664004396718,0.45653367906460607,0.5794815604230061,0.5170354462752595,-1.2020376565370021,-0.12859226316126632,-0.317200704548909,-1.011683174574736,-2.3733958546515255,0.9077753795763465,1.594053789938995,1.3005863489857603,1.3260315794198914,-0.9848553394255534,-0.5998561108648726,-0.7545005000335258,0.6204512664409475,0.8060923509082785,0.3136313696946118,0.5929683705501074,1.2269415450796346,0.03523697858359336,-0.6801401199806059,-0.44504490019264026,0.5358756575312039,-0.8429839716836778,-1.0184610452149547,-0.4439554242823005,-1.1370572088818176,-0.3950515768290159,-0.14141360595092917,-0.010660979896860032,1.1014323408954405,0.040536444532048625,0.5313253318654957,-0.8654451709148341,0.8578943470528767,-1.1770377648522732,0.6798214021284369,0.5196525255346768,-0.06065437321162818,0.5272455745862642,-1.4503800875717487,0.2678624659125523,0.5648280795211249,-0.6646372314269394,-0.13534779078228917,0.4220848555902989,-0.3822856042721309,1.6728697578442466,-0.09673433024834592,-0.0943104068722461
0.25511469617348803,-0.068029752386206,0.49982226175496164,0.8744323018525261,-1.962947024655787,0.017562226566624026,1.4939876429098466,-0.770205006112506,-0.1549364984234536,0.43500919973839597,-0.44285576985286407,1.5032290071722925,-1.5738749129516227,1.4659417673318345,0.054851340781121166,0.13210243814524975,-0.8900781753793069,-0.6166887482205753,1.1043788890307344,-0.3376240805152973,-0.11617707584513508,0.07059718238074064,0.2974602170878428,-0.09737440361514324,0.2001908752759231,0.6633110987713677,0.18810988287515634,0.023419931992080957,-0.5321441967222383,-1.5541725336671675,1.0596589475761724,-0.06928203668138576,-0.1266701808703499,0.8983141296466814,0.27781792432776165,0.046199511889801204,-0.5983890019326221,0.33472689712062254,0.32819623570547235,1.1296069830781688,-0.8177078799523598,1.364718030240416,-0.02491734773870169,-1.3724499096519585,-0.4948478498181642,-0.1801182654234456,0.3846586199789775,-0.9400258645544985,-0.33130955081056773,0.48709128817244374,0.04273284242353147,-0.15534456040497402,-0.19265389001734395,-0.6722156388131962,-0.05341289834645022,-0.35628146124204846,-0.07246302199774932,0.525749589476187,-0.1722691629982073,0.9627479301872961,0.8047452688883565,-0.12505416586315368,-1.2283749264548436,1.4489121725231728,0.9616082663751077,-1.060901441175699,0.316806775777962,-0.4467627118174918,-0.975814464446857,0.9539484204203993,-1.0584032691061191,1.6661456446944287,-0.5835929298340562,1.128284594566911,0.281797760789766,-0.7546393744817661,-0.04939637309490646,-0.018698344660409236,0.11883715036963591,1.2102238772814415,1.5118905130393128,1.4304610347102755,1.324564539970641,0.1040155127159376,-0.2061792584721233,-0.8924793378127286,-0.6023307699107918,-1.0332757221857929,1.0369812789112227,0.9020170471102762,0.5181597199320869,-0.737210569196044,-0.3362069741843369,-0.6404360380214913,-0.7684449628350593,-0.7165170695594846,1.167732546316677,0.32181290793169565,0.08012125501590676,-0.2513794276631451,-0.16859019097697392,0.6817778435791804,0.6227062324675481,-0.14363046472366867,1.1746041069193287,0.13024424669907048,-0.08735313957426008,0.12681257689622016,-0.21621746741945755,-0.5952967945502625,-0.9943538061539366,-0.9020576990815299,0.309201088961629,0.68303254579251,1.1971606695039227,-0.5627566638853674,-0.9151201121910538,-1.314702877380079,1.6376064750360497,0.703339621429609,0.48448265178025407,0.1502607936734747,0.14410477055900067,0.9592145392011322,1.7358285472300037,-1.1918234186694734,0.782650643256808,0.6136924008684428,1.2134904525693189,0.12571481201214074,-0.6070436342072595,1.0304042806917817,0.30213355858164603,-0.9911740158033425,0.18331153766021738,0.22319108776562177,-0.45125404762140664,-0.8727567280201978,-0.015009277322217997,-0.4186295077569694,0.4456563679595476,-0.01565169800777723,-0.6936433571599278,-1.1299421818857183,-0.09725062677011753,-0.6574620401076375,1.4795895679393358,0.8206814655297338,-0.7648266796510335,0.4093012818868715,0.4912877589860582,0.4706945374721357,-1.1125583356708897,-0.12583481627163032,-0.30790178332357804,-0.9532648392246476,-2.2496714241639184,0.8646687126087399,1.4575737906390647,1.2520622085679165,1.2622065342847206,-0.9482826221920426,-0.5794766693511583,-0.6884137567734913,0.5559033774981625,0.7707020981526018,0.3271217371543028,0.5477388868289401,1.117740145091621,-0.007702827436538908,-0.652761411419161,-0.41842770412683605,0.48703232771568156,-0.7618649387644114,-0.9545424329458438,-0.40393191013532287,-1.0978949915953087,-0.3208757790680291,-0.13951731649611315,0.014806773012468633,1.0096948339978489,0.05562090431203677,0.48241405523808983,-0.8466552531639926,0.7895074788848655,-1.1379748562546899,0.6558272980651536,0.42967454966709756,-0.05421972824504584,0.47459519405414174,-1.312143556102697,0.31903861784283866,0.5438286788096444,-0.6106367377585622,-0.0737646044552932,0.36524819436354133,-0.3272930545402988,1.537592752647957,-0.057989196836214896,-0.07685522907761416
-0.17246881451329996,0.10492060640203867,-0.48067805551040566,-0.8413101910155212,1.9355270942079097,-0.014030871721296204,-1.4235401259825404,0.7143780320374638,0.16390616895211588,-0.40581298462731574,0.40235738113737757,-1.449956965602692,1.5264150831091687,-1.4000203976701782,-0.0226420130495276,-0.10992188729920702,0.8903744312275188,0.5594197376182143,-1.089162082865647,0.2746606617513878,0.1116903507888696,-0.07476267876153495,-0.2877204001193767,0.11162119421060437,-0.1522440733108404,-0.5961209419301458,-0.18451139998842148,-0.029267045917656137,0.480426965004561,1.4580756667304133,-1.045560333324549,0.07529981456954792,0.10813858636144187,-0.8838330937468817,-0.27000918198155766,-0.04120223709120315,0.5261138936679486,-0.3498697128763038,-0.3306138548829492,-1.0754704984717953,0.7635779004795387,-1.2640441386572328,-0.033597242800448776,1.3106393537640955,0.4436897299514635,0.18630367971079442,-0.4296108726514464,0.9005867880443099,0.34427439912981883,-0.4308247873776686,-0.03614166673391395,0.18030823398001086,0.1467821948657133,0.6290945641727536,0.038013946857392344,0.30761776433551674,0.06868734328158256,-0.4480498644361785,0.20193942440028026,-0.92209369654843,-0.749541644222808,0.12294187323306827,1.1204089295757251,-1.365561391720248,-0.9104560846296393,1.0277631028890317,-0.28722660550166984,0.42881622800814556,0.8806958664265332,-0.9643695786706838,1.0233805992461549,-1.5922130038798445,0.5226605261473096,-1.1041556240160477,-0.2656516361177058,0.7469731406149148,0.08719656573517531,-0.00024175820030243947,-0.11596207009896445,-1.1246957467520526,-1.450686362011021,-1.3743004790843034,-1.2754512484184137,-0.13970896375652814,0.1770103919481207,0.8325579854610453,0.617702851566389,1.0019847055945599,-0.9956587555049556,-0.8893515294696382,-0.45286979889876205,0.6665001139183879,0.2809718821194439,0.6146968951394958,0.7083023218365829,0.6742328106370614,-1.1827053601248836,-0.29953727962030596,-0.05198099070293842,0.24181668870879575,0.12269377095994642,-0.6736112950338229,-0.585511530429463,0.1697556001095988,-1.1155661929200342,-0.12217956537273086,0.06854376761040375,-0.11629476613887278,0.2444097833315212,0.5486090277999266,0.9133968135207995,0.8960391304333459,-0.2946530710289592,-0.63263251500115,-0.5627566638854598,1.1280314651705343,0.860869454719777,1.2522656245099004,-1.5530358397536395,-0.6691770840217838,-0.4453241112396316,-0.16953769287338488,-0.12009308559210433,-0.9250641409807481,-1.608802473171207,1.1698192308306423,-0.7463628622915897,-0.5727657532967262,-1.156089361593851,-0.10856029071503398,0.6046091503280134,-1.0205025750911534,-0.30034352795276686,0.9327272597491307,-0.20729468281721117,-0.2510968506453084,0.39530271519715676,0.820368196206984,0.009687877210463165,0.40144105694979393,-0.45534399942153503,-0.023377976136259096,0.6832837724711597,1.0424857468518771,0.0764354432232201,0.6161718162078872,-1.3918493681949324,-0.7761647733122609,0.7143447689504846,-0.4026394637490744,-0.4848962665494376,-0.45272103837916533,1.0430086115652724,0.11176910266078727,0.2897614740391532,0.9116135660053729,2.107014113911172,-0.8319730835291576,-1.3782164213996868,-1.1731218649656234,-1.204818068672264,0.8470045970953447,0.5041599516388333,0.63303594683296,-0.519600757039365,-0.7265190873291382,-0.3467686778514246,-0.5337347684260108,-1.090627624124746,-0.03575439864328167,0.5688298671206771,0.40819737002274004,-0.47282544192280695,0.7464283762535957,0.9146064108188814,0.40830934966782284,1.0472680451198442,0.28675940272847655,0.1296856070156595,-0.020682933328030888,-0.9930770246935126,-0.0200809997945927,-0.4735242491955714,0.7648043851551289,-0.7126763479672283,1.0297457234394205,-0.5988315157801722,-0.4267354275429457,0.061965451919137784,-0.4586113556582433,1.2574203252705618,-0.23701207156337856,-0.5101721157077113,0.599298351108943,0.06038846086560762,-0.36872144187049777,0.30757447147349665,-1.4535793420140766,0.06664242827753233,0.06837867169181305
-0.2503600247304189,0.08301092178065192,-0.7141856400218515,-1.2530523574691539,2.9058253871223028,-0.012597344886381905,-2.1383527646676646,1.1095961242286472,0.2022926887017282,-0.6315861861727631,0.6432250886011769,-2.1758437869802916,2.2461037806137467,-2.119539307843607,-0.09009010145450265,-0.23305766561827138,1.326069225780394,0.8612651068022055,-1.6166663026607977,0.45300950140907503,0.1653176336978188,-0.11466686801505613,-0.41483184960908687,0.18437809452614262,-0.25427649891103576,-0.9051432090542577,-0.30998139920321455,-0.10715620989415599,0.770447814500159,2.225976256586077,-1.5939107472047813,0.16468721105598225,0.20679492568364152,-1.3394083254547253,-0.40214276320599796,-0.05909875166910352,0.8557915577937129,-0.48046657420797284,-0.4736072449783739,-1.6140926773262865,1.163377843502873,-1.9338154708775555,-0.03631320529234387,1.9791325396507362,0.6650390861034948,0.22104403829421515,-0.6272664994247246,1.4071958138485656,0.5093975617874511,-0.6859552045634433,-0.020769006015783575,0.23394628023012454,0.2429849939612203,0.9595434092297375,0.08181745519107056,0.5151060438635859,0.12380234932057421,-0.7245502443060523,0.3186310629819807,-1.381530070649447,-1.119864693341,0.1850332766499499,1.7770384208575576,-2.0431243929039544,-1.4020449020640242,1.5338942610510289,-0.42033222074296284,0.6149871997717063,1.3892653531611825,-1.3952069185365088,1.5243512826557764,-2.394482650107611,0.8125291683692233,-1.6836207696634986,-0.37913227358493234,1.0839485385031549,0.06605765813455969,-0.04236787252069002,-0.2170525524928178,-1.7248796639083457,-2.195898496117348,-2.139147762764606,-1.9328076626741237,-0.1471343250504983,0.3340393958741402,1.2380149978656574,0.9448800014887281,1.500735222692718,-1.4657124605270888,-1.3819810786923186,-0.6894927045836193,1.0209333529475575,0.4479694247841494,0.9560843538119188,1.0571796722163505,1.0152843686487647,-1.7109436468173018,-0.4469923659243166,-0.05807282115332206,0.3431079140441381,0.2424989561939514,-1.0158862482540454,-0.873162954814954,0.20200440118406962,-1.656306615491498,-0.2138602605585851,0.09109175711769853,-0.16361095347840815,0.3855009917342406,0.7840255303241872,1.4159538872262152,1.320677922465198,-0.41551454481110534,-0.9599240237114691,-0.9151201121911876,0.8608694547199536,1.8247737668700617,1.8598027054087167,-2.394147658682985,-0.9990114323943127,-0.6890933988910818,-0.20560677112603665,-0.1847039127671688,-1.4215258048507289,-2.492620827249295,1.7533169921553013,-1.1546540002235952,-0.8416784231353506,-1.8296285641068541,-0.15579968293607555,0.897601962453846,-1.5324210433055216,-0.4715921642208485,1.4298264371269676,-0.3250043752273341,-0.33375445014251914,0.6252827163590007,1.2669001966430202,0.041878916241084245,0.6538002294133993,-0.6691074323652012,-0.011739390916860784,1.0219113145194125,1.6692457260623523,0.13675227647287314,0.946311387598415,-2.1349337492233413,-1.1458043983457962,1.0988295147960119,-0.6084858570288467,-0.763033981207745,-0.7130526543084955,1.685312849688129,0.13157245322774122,0.455280005393095,1.4165433080689653,3.150143183358852,-1.2621725335760838,-2.1335349470315266,-1.8110767042227485,-1.841676730009082,1.328982977875809,0.8334545713470005,0.9129801340207316,-0.7941900754568055,-1.1201719462136304,-0.47187304152423676,-0.7798956279267673,-1.7095694718503716,-0.015308060418352408,0.8619601758073305,0.5818050470509125,-0.7498579485700783,1.098244908663176,1.3399567594065758,0.5753439939811934,1.5802520393448516,0.4387788615937201,0.2233549057574848,0.01008795614870324,-1.4807440414703819,-0.023062963750291085,-0.6837134812647406,1.1804267850523933,-1.1524125332800388,1.5846929875913427,-0.934819086582337,-0.6976865447863891,0.08321794578497761,-0.656616695356424,1.9445936819248206,-0.3916263049075922,-0.8081851107881627,0.8927195325140713,0.07659980227094754,-0.5342752057697872,0.5355791067348521,-2.242080002803448,0.015218263160997725,0.10846971032630173
-0.3858597265033488,0.1327919521293131,-1.0515878209265987,-1.7704664032460355,4.165783427972094,-0.044009769954802685,-3.0459840387870174,1.6195351499410884,0.30990397870397746,-0.8694146063291032,0.9247886550601074,-3.1594084412777534,3.2667499117161376,-3.0710447210064946,-0.10079995858347628,-0.3277821964695811,1.890339238570923,1.1942974480240411,-2.3353071308780646,0.5827455222139091,0.2342198501575606,-0.14658575113483654,-0.5856707632251862,0.20982317462972172,-0.31602578490180744,-1.3542675311161991,-0.4386206544877601,-0.11786204833032332,1.0827694410907165,3.21922776480568,-2.2453626732534295,0.18259492117056403,0.27405179494583765,-1.8852136301100644,-0.5855570848990246,-0.07949503589971847,1.218670223824081,-0.7009399703049873,-0.7040475220884173,-2.3957773221567207,1.6171533079999254,-2.791926579323272,-0.05253554659587259,2.854239710920195,0.9337725511527761,0.39199119946190164,-0.862088272386283,1.9563451686214282,0.7193772227403695,-0.9766988517568908,-0.04623707290980532,0.3436351847064082,0.3653608168033974,1.3691802045789963,0.11381222817656265,0.6910334800024919,0.16685003747962143,-1.067955424833657,0.4429967008693281,-2.0346946089360882,-1.60971776507304,0.24137207254794737,2.536091264917203,-2.9558396484441087,-1.9904853957610704,2.2046127636018014,-0.6477243909022686,0.9059445532376293,1.9050024009359472,-1.9935683253983738,2.1619270843008125,-3.4048961248196234,1.2261517097273935,-2.350276550344334,-0.6186413660617996,1.5768004582226232,0.10720759491466894,-0.01923473880400666,-0.23874225077234695,-2.457581242692191,-3.087062431416586,-3.018777435496882,-2.7573324461575632,-0.2664355811716678,0.48282912154109003,1.7547368473420322,1.3530034703309797,2.130234349574864,-2.1588946424189723,-1.920844257642654,-1.0089134084621336,1.4820845667938605,0.6570985331380466,1.3307008978803712,1.5582513195908605,1.471620848207792,-2.4745446344407864,-0.6527482812809566,-0.0504227782277417,0.4780170402521682,0.3712049029021961,-1.4687090130175033,-1.2298464528835606,0.23513083174239538,-2.3955539044972647,-0.2706241236062561,0.1442247959603349,-0.25862521880984823,0.5111132546197668,1.1762990281315475,2.0221584324711133,1.9263732500132724,-0.5469574219353819,-1.4000999477774836,-1.3147028773824865,1.2522656245124966,1.8598027054115607,3.2121221263463,-3.4231987038087186,-1.4009703809703666,-0.9975105944937911,-0.30255141555731674,-0.26062240456292424,-1.999696858688147,-3.552155606554497,2.4905103326587223,-1.7107703290470586,-1.2253446447775593,-2.543625579933251,-0.23335125593483913,1.2831979052176337,-2.1999524309899603,-0.6748891992684891,2.0976407345012413,-0.38943244186153503,-0.48512881733212315,0.8857164001942349,1.7616649730094562,0.018641814406747767,0.92725262497402,-0.9620060108592053,-0.0703703952183211,1.5017860018817457,2.3692216961245456,0.1948087521288963,1.3764661676742445,-3.0535292149335853,-1.667717379344377,1.571460668520782,-0.868119809602077,-1.1454353430054178,-1.0676150040076484,2.356643449637415,0.22081060470436537,0.6650866263283013,1.9778395112213794,4.547795529807322,-1.8414463109427526,-3.02305722425358,-2.5185176622123513,-2.6342523113961933,1.8759450870485328,1.145299757801856,1.4043829008637143,-1.1633298443691706,-1.6286341747618054,-0.635467864029452,-1.1022775019013198,-2.392774388453908,-0.0035413619311943766,1.238362768902893,0.8368245731619006,-1.0781433996322791,1.5904576493739642,1.95318894064187,0.7871590084025548,2.3121424326119824,0.6525406342934369,0.3199632125444458,0.00349367284029492,-2.068363266242583,-0.03159010432726522,-0.9805677589766284,1.6816665703332192,-1.5899157852853096,2.2926011059253013,-1.3338182810027626,-0.9320222513252011,0.12281062375756745,-0.975545780278561,2.7493110322054153,-0.593235781044676,-1.1798688244540987,1.2389955075057115,0.16750471294162966,-0.8083089131563577,0.7244702361915553,-3.150533523135806,0.1127914999719265,0.13255282358890935
0.5335004740517031,-0.17263199990286765,1.2838828863757001,2.3084461609231672,-5.364494925721801,0.04554145385375658,3.978266813330409,-2.078972167722446,-0.35576692645030905,1.1249588954999643,-1.201705202946651,4.0111269895648,-4.193626608731226,3.93557419072843,0.12818927578976766,0.3964423665522604,-2.4311197744240562,-1.599243539160064,3.012389991295468,-0.7600063468500701,-0.31607115668123076,0.15631094270317847,0.769290569222376,-0.32488067931665204,0.4110886460372012,1.7185081967263245,0.6186421956626559,0.15799596791007198,-1.3476926591056078,-4.110923591400069,2.922460936863666,-0.26381183677578557,-0.35556019744863027,2.457483514994872,0.7484609197703737,0.07391684869775947,-1.5697549419514725,0.9269585674063406,0.8723731956384404,3.0019843670536988,-2.09347481601867,3.5757144104648577,0.027246463518932118,-3.678851143807215,-1.2138327450657949,-0.5032723667929887,1.104227941479988,-2.579294625024954,-0.9378432947323123,1.2647454019786248,0.027899242916402806,-0.42090511192408453,-0.501820297859098,-1.786908889300788,-0.13558859890343522,-0.8992682038423278,-0.2832564897488632,1.3255230757838383,-0.6134949963405943,2.5633615452470506,2.0407564774619966,-0.3181377214327614,-3.2491682056685636,3.8064806482697917,2.5482403808215515,-2.8577934356405064,0.801251908623825,-1.2275745364809545,-2.46373108607409,2.566794037075601,-2.76781935564903,4.395388644776874,-1.5693731910586204,3.051600016506019,0.7486437873034975,-2.0176296581550464,-0.14751414465730034,0.012296090600563244,0.3462721821410377,3.1953535759228275,3.990359124553036,3.8912020997126495,3.565812592126604,0.3399928608926819,-0.5938351908419282,-2.264006677159629,-1.7117765950955512,-2.777669061147919,2.744095073231003,2.5307926442355972,1.2691774335317498,-1.9510805925487444,-0.8041191516534092,-1.711512507784687,-1.9576845994860559,-1.8709111564032999,3.1534666291789124,0.8641809745961607,0.08827392672580683,-0.6503720245386818,-0.4523027948808426,1.843164560434703,1.6258772833646562,-0.42818076536274585,3.0365727562211076,0.3918825536342956,-0.20366955615679105,0.2884083101427637,-0.6658352352097953,-1.4993304326626584,-2.5571095378586235,-2.466529686700544,0.7315710431803544,1.795499113404809,1.6376064750377244,-1.5530358397556157,-2.394147658684765,-3.4231987038059457,4.952772981965501,1.872027353433613,1.2752644970369806,0.4328512469323713,0.3742102746432132,2.561360783480327,4.562315567109834,-3.1629100477236665,2.13718707674265,1.5464954246410683,3.290172667758833,0.26757265316598156,-1.605859120017535,2.8571244288220963,0.8871372862776822,-2.6734206189949634,0.5716613296169355,0.6615589214033811,-1.1213309109660772,-2.313515119273162,-0.030631365274491895,-1.2105975741611084,1.2357469735110547,0.07474554426491735,-1.942862171577886,-3.0067651255740153,-0.2635344181470547,-1.7731496805732245,3.940138603172568,2.092405163031685,-2.0099850007311293,1.1080695062145671,1.372516348618915,1.2803500943258794,-3.0106519875279365,-0.319092458665345,-0.825272151237166,-2.594338889284546,-5.8854465575168105,2.3257315965270715,3.8944904271207172,3.235905860869229,3.3510326090908236,-2.4440728275186587,-1.4923369586495139,-1.7495798001381115,1.5023584970885415,2.0914843652687325,0.8391059511952887,1.4270450268433754,3.0283368398591572,0.02259880492944204,-1.6039204570906591,-1.0956431075573256,1.3355796245914453,-2.0642366546294886,-2.472580296927404,-1.0204519021888365,-2.9604748948494066,-0.8869391212816934,-0.37627747164669856,0.06015073812466307,2.7372802776533414,0.06683289561593911,1.2572074390569934,-2.205018890169545,2.058869659544066,-2.9731121426884184,1.7196019876921538,1.2143180732723373,-0.16117920999507132,1.2255956227003808,-3.5448559002517612,0.7836177845445397,1.4882870026238697,-1.6204667102529153,-0.2112196869337208,1.0329160018657053,-0.924388658498696,4.035214127307185,-0.1202169403324531,-0.1777409215274641
0.22798055593528466,-0.11664991658104143,0.5600351547891601,0.9886632347390368,-2.2585719066777745,0.04426181375507259,1.6275322806863406,-0.8776077840117075,-0.1414163950075936,0.48877747440607316,-0.4643217487929821,1.6848871094455,-1.7604180814193005,1.6511258900158354,0.03676039563709795,0.16614014571010083,-1.0846054786153994,-0.683413886405928,1.229886388987595,-0.35395538798355286,-0.11413979919225785,0.06649640383969074,0.29139491638205345,-0.11722189949236064,0.13703737491864798,0.7105791994307796,0.2385302011745527,0.05602646080140852,-0.5932694415279364,-1.7194888746299057,1.2072130015166433,-0.09011973464657802,-0.18082331106815372,1.0640075233707131,0.3024562050413549,0.0537304776918062,-0.690643795950301,0.39845937774312223,0.39981409392547684,1.2257896692861727,-0.9110019489441753,1.4855276614834114,0.016332674089610602,-1.5691788325147897,-0.514935075703532,-0.18874773944696016,0.4272026797975575,-1.04117523040318,-0.3749779370542096,0.5117176318894652,0.051707891746700665,-0.2155960742665502,-0.2540848568753775,-0.7482873294198492,-0.07528870964680587,-0.36138848175058735,-0.08205135500103769,0.5583526695413182,-0.24157365390942587,1.0910215342243674,0.8802789428014824,-0.12367754054466744,-1.3836819390820496,1.5788208594397835,1.0565813335039442,-1.1761017318180733,0.3507995176700683,-0.5021490196511279,-1.0371380105451364,1.0623154948354485,-1.1509540140208065,1.8214325500425697,-0.6390921802616729,1.2868349170992937,0.3358829817001373,-0.8539622092272686,-0.04015042053592845,-0.00110345352609103,0.13396613414688618,1.3297890611400105,1.6420358775690609,1.6269836872873054,1.532119570070123,0.16325392265880453,-0.2705189997119628,-0.9297006607909275,-0.7264369707012966,-1.1242788532882086,1.182442022611387,1.0399997352526233,0.49481542786576094,-0.8017807996363022,-0.3642120060559094,-0.7220782681703715,-0.8416474395023505,-0.7993571703942183,1.3541266966976593,0.3561179230503483,0.011286212194331041,-0.30932089318601924,-0.16781892619970903,0.7835701161240843,0.6381506074238279,-0.1783867789365949,1.2580371917700721,0.17119886513116953,-0.0655842956645444,0.11463453382112052,-0.3141585077667983,-0.6617185948537163,-1.0608961362320655,-1.0683861633712506,0.3054854446544977,0.7337887136160494,0.7033396214323825,-0.6691770840248279,-0.9990114323978136,-1.4009703809731893,1.872027353438795,1.329639035121195,0.5060419280750912,0.1695326615526522,0.14307519008321945,1.1122639019328675,1.919126678586054,-1.3346977107616698,0.8811673087738675,0.645319755828389,1.3608195504024936,0.10745827988649302,-0.6949833998194341,1.2212593326489103,0.3943868341121498,-1.1100107623055198,0.20366047425153672,0.30119916844174505,-0.48616931052609375,-0.9910170158841515,-0.01599636435980982,-0.4660777936673539,0.5468020776237684,0.011678644560763243,-0.8152368213878052,-1.257637747931793,-0.08053847566238995,-0.7236976876395087,1.6681767549132211,0.9137362141173424,-0.8792197482407332,0.4770085391689045,0.5628937531395938,0.5392933435510207,-1.2766726303458285,-0.13772766618316787,-0.3479245710735549,-1.0910250931407337,-2.4403874838839177,1.0035977354745576,1.6626872847973944,1.350556888039874,1.3809713690511438,-1.0267150009057704,-0.643310248851091,-0.7637752656198391,0.6478149520852213,0.891700258910709,0.36246204779420194,0.5532191755469154,1.2613736875891037,0.04047896920154372,-0.6781398365096779,-0.47179145698957803,0.5739927953065724,-0.8627012497702097,-0.9968862012999339,-0.402373580888505,-1.2544718018807643,-0.34937402500254994,-0.15785283901273092,0.012265562104036544,1.1173466011391335,0.01177268736771974,0.49932044768356126,-0.943002162827825,0.901262505778089,-1.1827265684206258,0.6926179026570182,0.5212704167591592,-0.05117812352781658,0.5087205653654078,-1.4691582586013971,0.3184444006880077,0.6150444768960368,-0.6562215667694243,-0.11180386586664479,0.44964994883054565,-0.37510279369329763,1.6506613139050812,-0.04882241798409953,-0.06569505999355317
0.16915118177333263,-0.03825520792097432,0.40396059688093544,0.6918259608232105,-1.542742328541909,0.008764167072181153,1.1572981162084293,-0.6425555933211345,-0.13768238548229156,0.31633275369111624,-0.3383005777129866,1.130466604261254,-1.1932417161568754,1.1357425637824474,0.07103364032412696,0.1315137113693019,-0.7613422127381867,-0.49194647822968285,0.8532104485866479,-0.22058270287878698,-0.10196671145668867,0.03806933863455937,0.2421027509446283,-0.09095367928831034,0.13621485009576026,0.5022908459989098,0.18652360179507843,0.03354841581287511,-0.38651806496722463,-1.172693136601625,0.8872563234168129,-0.060725425550600995,-0.11807416538198148,0.6992722607842129,0.18778165018024923,0.04030468536233926,-0.5121911736158348,0.2411478464741705,0.21825805028410986,0.8707366251633569,-0.6094406529713509,1.0576221389552882,-0.018227283626787626,-1.0918430261254293,-0.32358217825137947,-0.12449804103478823,0.3517698183861753,-0.7552727020517017,-0.2718152653996479,0.33913473078830847,0.045624446915422286,-0.11826787756299781,-0.13181483873631322,-0.5228762328748439,-0.030481473518798763,-0.24653183882601037,-0.07516361189649656,0.4006148134832349,-0.17240705668620482,0.7902989669511341,0.5920455280334671,-0.09000787106165963,-0.9670036930367846,1.0963683714149393,0.7492465010730256,-0.805881003798335,0.25745382938502664,-0.34185581917791075,-0.6983124354148331,0.7683850776698593,-0.8418534402899068,1.271322129461914,-0.45766096637279796,0.8732411911384239,0.24690678042094893,-0.5931382969748182,-0.030087677162197277,-0.020954549374083118,0.09471432309217155,0.8990229778773692,1.1503289469338742,1.158142310085816,1.0228795048765535,0.11848851475513714,-0.18330781073541763,-0.6600819024302933,-0.5106360561805189,-0.7943066704754638,0.7990299145113848,0.716330487005472,0.37250977220270887,-0.5303576817332654,-0.2927285483396681,-0.48061264276375026,-0.5897073445175809,-0.5480485316755332,0.9099996306138752,0.2737274031657458,-0.009376186959656377,-0.22633233589150653,-0.11667483436361467,0.5410283901705625,0.4428720865448464,-0.06160584192404335,0.9142433773693889,0.08875995455985297,-0.039735153819028875,0.08714864534823605,-0.19384781597936462,-0.43636422055108093,-0.7498844870662358,-0.7587585577640834,0.17943025674975716,0.49675977935670246,0.4844826517786859,-0.4453241112378525,-0.689093398888776,-0.9975105944884028,1.2752644970310965,0.5060419280706557,0.905376926088394,0.10959963861814628,0.1087737291694379,0.7545796899122303,1.3401707624543926,-0.9505165295243952,0.6045157420172729,0.4895675562003917,0.9806867013739741,0.032578862225438376,-0.4581511211601862,0.8255645578195571,0.25557037032602303,-0.8163796116852762,0.12932240388165805,0.20958091296460252,-0.3330638742207347,-0.6835577977049547,-0.02313739832462726,-0.3646394264484869,0.3673575544187672,0.018757591951480943,-0.5541967720642709,-0.8808968796836126,-0.08202848900481964,-0.49699584207837794,1.1320220054673331,0.6109387581391301,-0.600211321527837,0.32744842516244343,0.4250943182321623,0.4189707332383029,-0.8587780843331053,-0.0888509155784506,-0.21628937576532306,-0.7747304003895386,-1.7297851828508026,0.6656350072137759,1.1314110657456713,0.9494414361121977,0.9685257384597343,-0.7364922377959439,-0.41649961334055174,-0.5100905551429854,0.42341207092491073,0.6076235601535791,0.23036617882601867,0.4332179895393031,0.9141348663293063,0.012388737222151619,-0.46751504489167045,-0.3034313300981333,0.41679911729715424,-0.6268105025039019,-0.7318295074924135,-0.31029797096443623,-0.8427220701867226,-0.27843217988063684,-0.14665749551623117,-0.0392915373318989,0.7564125873663294,0.007657070147815498,0.42174019814059027,-0.6224953032367503,0.5894116365463594,-0.8762541973355165,0.5198821159326421,0.3856220659761613,-0.11247245023226683,0.37049158451730496,-1.033385275737291,0.24691380324250933,0.4580555905695304,-0.4444354623107133,-0.0835180078992275,0.28899873966261924,-0.2695655811507892,1.1768748439185932,-0.028297311987362014,-0.07030347821357913
0.04141027570834997,-0.038204947587194234,0.13325603103837919,0.20897012170630866,-0.5056653838994849,0.01277294569269688,0.4184337763496528,-0.22553402147950136,-0.056038313061741334,0.10779840497736355,-0.15045581149605983,0.36862402779474096,-0.4137233239787262,0.3870557187987297,-0.0018949475077161809,0.014752486530405309,-0.25222615410079063,-0.15044840576294172,0.2713661536255945,-0.10477448855907641,-0.06136129911045271,-0.001525630018567186,0.06802437204580941,-0.068370768211522,0.06659397120830844,0.12932678109413037,0.06871512913745294,0.006913518997555022,-0.1389424808257349,-0.37104011285425076,0.3055812538513563,-0.028228909776023593,-0.08419806334418709,0.22214889852377892,0.0920136467806494,0.0033525650012879785,-0.1650183102060535,0.09665056423618858,0.11745906889021336,0.31199901585787715,-0.17891959770789803,0.34003878574323215,-0.0382008932520286,-0.3385472938355112,-0.14088688193331037,-0.044522564660501474,0.10919108614378648,-0.26849200939326656,-0.09720469643480364,0.12673941949019077,0.013808640447101818,-0.025124489361325726,-0.06610578670351219,-0.1731777958334509,0.0033136381690397733,-0.09606022913448196,-0.04538862907089802,0.1325127951063078,-0.050515400780246106,0.27742172786348457,0.22787660928118167,-0.009967592065021052,-0.32528341983600956,0.3423461308492023,0.23280773395916088,-0.2751622299828473,0.0574822614202318,-0.10005798123302466,-0.23253706763807924,0.25347319781586086,-0.2665776268851773,0.4517865590141622,-0.18092580898261543,0.31842209289115275,0.06710738102460458,-0.19368986083659875,-0.057394873180337806,0.040586227957336185,0.03267096628669432,0.2880112234876812,0.3672706407908298,0.38858282628779284,0.30379789638022814,0.03293023224425705,-0.03323538980366826,-0.2184551280834164,-0.17275811418730105,-0.2793277859891278,0.2550352298811369,0.20784029259845987,0.10244354120644658,-0.18081460525151846,-0.06504190411325031,-0.16689041770656138,-0.20036260027450703,-0.16984695195876007,0.33507403721173806,0.08315699812099425,0.011579572251319569,-0.010612379381086817,-0.03710403568558464,0.2109091264271431,0.16029270291992984,-0.031125346759225396,0.25826946172698106,0.05544101504394048,-0.004150838116996833,0.020390789203419957,-0.07656696210836453,-0.14269082709633296,-0.2663962980478765,-0.23235170399623178,0.07386948207737157,0.17841259078747693,0.15026079367299572,-0.1695376928726423,-0.20560677112530704,-0.3025514155554209,0.43285124693024546,0.16953266155092261,0.10959963861801968,0.5494530997943364,0.02632817489472175,0.2789594949043001,0.39162351936665385,-0.3083035034482564,0.19952290397838437,0.15202418885135083,0.29372239178158854,0.02064734325312714,-0.1541421756320257,0.2422602394011357,0.11333148874054277,-0.26185239323480286,0.02819472759424798,0.0543366505942803,-0.10082623785349681,-0.26192373778149985,0.002602422273994258,-0.1062190379683497,0.10710684591910835,-0.0013377178935974586,-0.16978119628836802,-0.2563912892006169,0.003891126751299455,-0.1565280789810623,0.40105304314165846,0.1484170049864204,-0.18283428197072593,0.0905818746312354,0.13744277638306998,0.12276494026761099,-0.2922089363063836,-0.012854747577702882,-0.06367196857934479,-0.21417074617166917,-0.5775209354424035,0.2654221682461147,0.36025544188676406,0.30178719322021874,0.31085024877667067,-0.2454015800929106,-0.14791045516633344,-0.18693007246549811,0.10208390812378236,0.2174191750030728,0.12531435782948475,0.13148286358102093,0.27741038363656323,-0.0021733918777296327,-0.183490764578689,-0.10214458136501,0.09696118832139163,-0.17827229725809066,-0.25293978023495056,-0.10388272948189181,-0.25463430040580176,-0.11968677006811324,-0.058151509777695204,-0.0002454279618570917,0.24531448987927187,-0.015319415602924148,0.1410769823116997,-0.2155367456169799,0.15373768966118273,-0.24106934691817505,0.17651402350160852,0.13122519734886948,-0.016378426873443444,0.13814195078348163,-0.36613149439993964,0.05982485784315093,0.16527975704749476,-0.16361408940421004,0.01957632380574185,0.07527300467144421,-0.05504877100992904,0.41622968731152116,0.0030765215300598593,-0.03465283860049808
0.0052609653302718735,-0.006890866458017122,0.10030066862322329,0.14048809456202938,-0.45916147716283945,-0.00196646229202419,0.3517263635468957,-0.17590353838527822,-0.06696397014597669,0.09257015045666095,-0.09550675641005205,0.32594477560099144,-0.344339390499237,0.3491647558622815,-0.014431557203624441,0.02284630959169385,-0.2115294457004996,-0.13943852501673124,0.25972512026757466,-0.08902066399392274,-0.02812561982430385,0.010496802044425643,0.055587167480755637,-0.03985200374007814,0.03741646658843057,0.13203712927146072,0.043407888840216236,0.027211147626085126,-0.10180558239520517,-0.3336354720188427,0.2439345635138017,-0.04794369806376849,-0.021527200764236726,0.17546611041895158,0.03569184120960042,0.00912879014666284,-0.13730589839688956,0.07688954369988188,0.11571203121964149,0.26240707059254825,-0.15738438087105752,0.2723559693276705,0.007744266989384083,-0.31690468430758356,-0.11422901762534816,-0.02275596450409239,0.09166338997741304,-0.20761993777154975,-0.06896213437829539,0.08877188775186165,-0.017779487892575257,-0.026465026491820823,-0.07882389301687945,-0.18450882640839011,0.0022495045205433327,-0.11580056834861391,-0.01565396276726222,0.11923345090775557,-0.04440541341191086,0.1953093461512841,0.18531626521380093,-0.03665280805754621,-0.24771757122009383,0.29996362459379033,0.2241104440581083,-0.23377095802301534,0.0592607824290073,-0.10156387774712107,-0.18791923648581735,0.207066569560901,-0.22551586931186837,0.3650415495717295,-0.07897921985866442,0.23411020346092112,0.052481977593047444,-0.15502321061571206,-0.03656735799504585,-0.0016334327787764604,0.03167060108960467,0.22870024231940303,0.3577709212542639,0.31759354883706753,0.32712058605356203,0.006835828443861585,-0.07148842753628067,-0.1986361704512165,-0.18228911674683468,-0.24360705949906594,0.2106188141628795,0.2092256423335094,0.08931728725319579,-0.1278108233918502,-0.08606128617803821,-0.1489211745621942,-0.1556093884888902,-0.14993827758102235,0.25217191760884566,0.08124816519636023,0.039139094483009805,-0.042128942367000904,-0.04346274696752395,0.14741290880822308,0.12310944486276806,-0.020195255511919606,0.2158937696099179,-0.005410599778427151,0.017638492618054544,0.06968865027703157,-0.06577371910757439,-0.13004749921423295,-0.19390799835984923,-0.20186547704961488,0.061000376710316905,0.11267201745995889,0.14410477055909787,-0.12009308559237708,-0.18470391276725676,-0.26062240456270763,0.37421027464329326,0.1430751900829421,0.10877372917000921,0.026328174894923395,0.6042418731005861,0.21681205926901678,0.3726609910890581,-0.2669778936097654,0.19220179084976968,0.1261163271855172,0.2334368260581735,0.0026588158350968755,-0.14121741354622197,0.23243620935450512,0.07057315224609549,-0.21075524903479234,0.051033659117001896,0.041159340094000844,-0.08674527107688013,-0.2008084772250628,-0.010952630290629001,-0.07782410891238159,0.04241391809162927,-0.022701347150697347,-0.15774808867738918,-0.2657455901711051,-0.060246600668278374,-0.13237702431234752,0.3082812664989329,0.21408580136395775,-0.15916973180530064,0.09911126539769413,0.11754158553987261,0.11068220613772978,-0.23297597145410298,-0.02482076409600156,-0.056462004101244134,-0.22904513252435305,-0.4815942890012083,0.18960618320160338,0.3250275699754168,0.2733727984974718,0.2610933667875653,-0.18415747021217665,-0.12343590418036458,-0.14379686733581395,0.12439894736419069,0.1700701363626662,0.07740037990152604,0.12795751236959876,0.25841271297745366,0.02820728487078867,-0.16023025844598182,-0.07161318738536007,0.10619663112278038,-0.18510942307029923,-0.2006812271015862,-0.08333610742433509,-0.25250076643365554,-0.07595459388896571,-0.0017821059729854587,-0.006710208970561406,0.2153068901172924,0.04132034431362237,0.10102157451256151,-0.19986563180317035,0.19070176036477549,-0.268437486107562,0.1293913545173794,0.12341472866411028,-0.014109059748168437,0.10757780010177292,-0.2928087255199129,0.06741657983110731,0.14529540041663405,-0.10621164874314526,-0.04126458851781917,0.07465087455839148,-0.06591425235506702,0.34005654776752814,-0.034133316878470675,0.024665451639854445
0.29273326646400855,-0.12402336590890271,0.7780596922169113,1.3158347575885625,-3.1454243384639855,0.005161910081727082,2.2892230615151026,-1.23036456782924,-0.259267572384618,0.6364458810955427,-0.6812178075773585,2.3320949602769963,-2.4661294152105375,2.2719381933825677,0.09965222146821463,0.23113664115942403,-1.4670422774998968,-0.9235730979951884,1.7767376252667242,-0.4285738554109755,-0.20264107827161248,0.09168018106086015,0.4209701341809367,-0.17783984079735882,0.26668501868804095,1.0254491834563009,0.32902020440434737,0.07115180605364155,-0.7921410542881946,-2.365198341080433,1.7237642434455673,-0.1369923832314914,-0.20154635912651245,1.4741205195688503,0.44373943834665563,0.024066476777601507,-0.9117663684079012,0.4904014311662192,0.4934641343112374,1.7406119972008065,-1.2189180625437015,2.0936535602461714,0.018772291197591842,-2.166375061326466,-0.6974176017147298,-0.28635027103365884,0.6507923956390178,-1.4893202683282505,-0.5615841078911141,0.7071419265898344,0.021365597877837247,-0.2772786999646783,-0.2875330768947247,-1.0462757065848005,-0.0718337456823547,-0.532725717217093,-0.16958196741349513,0.8216233059869177,-0.3153683755436899,1.4931783081100571,1.1942596900248328,-0.18903293325273454,-1.894639581676905,2.2209790949088646,1.483117971168923,-1.6598632285780783,0.47195083395274295,-0.6936714677130327,-1.447526397312942,1.4946028149013288,-1.6516760573927711,2.548503632892671,-0.8882744774437967,1.8165966708120627,0.4476926813507103,-1.1679677764672918,-0.07349982859657395,-0.020198530960504314,0.22283377250757283,1.8859843842684838,2.329200401308911,2.2560043434486934,2.1076554760156365,0.1810874423916117,-0.30760652105355,-1.3245111095931659,-1.0302443985132193,-1.614738243432788,1.6153478665070715,1.4386159286725346,0.762244349626638,-1.1177061912523523,-0.5103097482757513,-1.0158818153323845,-1.124178068871025,-1.0988497384851126,1.8697713209479219,0.4879518252359242,0.045671651397638666,-0.3698263547011291,-0.19334169070792187,1.0683791197749426,0.9071666975414006,-0.22750624109060913,1.8306584593238708,0.25082776805809537,-0.1391522698937187,0.1860973436427939,-0.3610958477151863,-0.8794230003474125,-1.512101055132408,-1.4714913118434056,0.4269968324079972,1.0110964947190277,0.9592145392052964,-0.9250641409849403,-1.421525804856049,-1.999696858692586,2.561360783488148,1.1122639019328315,0.754579689918112,0.2789594949065538,0.2168120592695603,2.0905135433102138,2.662293958344421,-1.858015862573248,1.2269080969538722,0.9346333222860681,1.9251710336114283,0.1739887205306504,-0.9490465698277006,1.6540748166696284,0.4960159793558202,-1.538674621962197,0.3723409681089445,0.4174491983198121,-0.6559889701359503,-1.3693125333204785,-0.0384698162269661,-0.7289329820627642,0.6812468927955191,0.007380613481737894,-1.1307561251671654,-1.7800355880294756,-0.12557015294309234,-1.0166725866174504,2.3037594331235134,1.237696180599309,-1.1883908240195349,0.6608211306022415,0.8216692554088844,0.7349256668235122,-1.7811890396935177,-0.17668449368020528,-0.44732559815950085,-1.4794496596616518,-3.427383545413101,1.337546909349943,2.284853938021068,1.8223637979735712,1.9674260134825232,-1.433078297164542,-0.871844009960046,-1.0441394534066308,0.8566184625325816,1.2193886966389527,0.486267602587403,0.830566057957787,1.7523388161699072,9.343176286519955e-05,-0.9511296915353369,-0.6381935096440485,0.7903246339237,-1.1619907425093965,-1.448624909997888,-0.5896783109455065,-1.7261371353162291,-0.5056191798086076,-0.20957746123691168,0.008945240826446182,1.5686780778192262,0.05460305010702429,0.7310578497195397,-1.2894624968611208,1.2094387941501816,-1.7553612632518396,1.0246678685533335,0.7496345814621663,-0.09579179247474233,0.6810432904628956,-2.046595382922715,0.4831406703170003,0.8599045606947429,-0.9634700886037278,-0.09592192786650411,0.5875637423097169,-0.554480911024696,2.3265084771293187,-0.09214646327342335,-0.12733414091963413
0.5174278071838784,-0.18420144243875458,1.3874583298252385,2.3358356234850035,-5.566987255259154,0.01971356843116933,4.111151598715961,-2.1689069876271594,-0.37683990113894983,1.1845117298191667,-1.2415225138560537,4.164644443557869,-4.35721740148882,4.0974158006745665,0.17052647769294776,0.3932726432841892,-2.5520719722525502,-1.660497574904359,3.137522827740718,-0.8398867109779127,-0.3279960136448906,0.17035544738743547,0.7862544487555593,-0.3116276613446936,0.40156473560520434,1.7607900152894227,0.5830751989275289,0.16838357148536512,-1.391666397637526,-4.258335602477076,2.9913177580027113,-0.24424046144228417,-0.33388772020047025,2.573947617976686,0.7805361995838714,0.12017343892439453,-1.597790356893404,0.9598464308623229,0.8557896848928832,3.1392471689301074,-2.162439289704959,3.7074943618721754,0.03792575240806423,-3.7352733247325536,-1.2881807352478891,-0.4922918301126815,1.1651009554539338,-2.6642648699486675,-0.984376646524667,1.2580886306968408,0.04135937620489186,-0.45030744463694444,-0.5798497665517294,-1.8588294197402189,-0.13262809293474606,-0.8868468466558515,-0.2868896588944123,1.4049626473321741,-0.5735464722741742,2.646115063810922,2.133253966223357,-0.3076081320291935,-3.421298711026306,3.9443515662699697,2.6587667077791934,-2.9290632381079753,0.8378016987049046,-1.2133910258968226,-2.546219975809747,2.6519248764544465,-2.880635789039062,4.5336540934257075,-1.5746399112022167,3.170870840131352,0.7707422052486352,-2.1097821910397276,-0.150023414273394,0.02002073476100391,0.37231582245177863,3.288741247200942,4.152059545249881,4.056434391263881,3.657945642446012,0.3693694336457192,-0.5954390791898511,-2.356647002652409,-1.7731932864371804,-2.888044637272883,2.855943970236675,2.56286696793454,1.2934078791455343,-1.9986790269921042,-0.8386060782667364,-1.7471745687795024,-2.071218600000167,-1.9661486417202836,3.2613359787702545,0.8668512098333947,0.040341654527175,-0.7053042264672517,-0.45092066895228894,1.9096957876282854,1.6295085525742095,-0.41416849136904993,3.18916008401294,0.39429274247184987,-0.1997682430968555,0.3345860579405419,-0.717245992202094,-1.568740898847134,-2.6413856195338132,-2.5815103655498035,0.7523802331205705,1.8538786263218008,1.7358285472343238,-1.6088024731754371,-2.492620827254684,-3.5521556065563873,4.562315567116017,1.9191266785828032,1.340170762462403,0.39162351936967665,0.37266099108942563,2.662293958339968,5.29923767484953,-3.3215827706677232,2.2494972854417763,1.6677142420977313,3.368982184065661,0.2605033016792495,-1.6538122763014302,2.939550679827886,0.9119046401547988,-2.753579247073069,0.5925656180737283,0.6852429738445657,-1.175435977837043,-2.389914502880788,-0.07779109238256933,-1.2477943558300033,1.2873083333898518,0.03481501390063017,-1.9906055137756922,-3.1706758396387755,-0.2497979344724719,-1.859406477616315,4.042465747686761,2.2212597396337856,-2.15501594308346,1.186517436208328,1.4585128788170199,1.3665668281586294,-3.1654923376511435,-0.3028306866243694,-0.831641335593643,-2.6309875614805605,-6.068626613880719,2.4251553617073784,4.037805326109858,3.3544931540924097,3.4948306794178854,-2.492963421223436,-1.5463576805708799,-1.8670094495230445,1.534442899678976,2.1743347093401177,0.8925938819448903,1.4650408375515551,3.138768184560448,0.04947081075770954,-1.6711689530417777,-1.169399978181672,1.3987109534462496,-2.1230859966705915,-2.602310049460178,-1.098322819727609,-3.017291354759157,-0.9022252352026647,-0.39360463029720383,0.015849018991956176,2.8225215006499376,0.09235297315473828,1.2996570087524184,-2.2552562963731,2.156841564218614,-3.0174237275251747,1.7972866273802606,1.3010887108995028,-0.14651689999314849,1.2689298099098798,-3.6674373961178297,0.8116472814483068,1.5293684927656115,-1.7107212653887034,-0.22693574799252664,1.0542607490056823,-0.9510583688839261,4.110380312198589,-0.14108174551388514,-0.1727148710498858
-0.3742488637863975,0.12968180618170766,-0.9690942576602366,-1.695315849158521,3.8224454160665613,-0.037538839857390024,-2.8225055517284634,1.5237740926645629,0.24984839968559958,-0.8100551376986505,0.872075307327877,-2.9103186552014026,3.0510952194268017,-2.8485635311907367,-0.11376155312416332,-0.27369840753573466,1.7890882151832757,1.1774729426089858,-2.1766959948490716,0.5606925450646417,0.173190367432621,-0.14410793532809385,-0.5342581573256013,0.22102980661454008,-0.329259445171224,-1.2538322729707967,-0.44528876123942407,-0.1100748697776409,1.0168329471474462,2.984459685688076,-2.1356203679077734,0.15697673015404953,0.23317203615211604,-1.8107234210637413,-0.550933372796676,-0.0632862620842085,1.1653521971949534,-0.6886805477629905,-0.6254190063000951,-2.213803335847563,1.5588774851314842,-2.5895898555682386,-0.019296304916818288,2.6794648010372764,0.865259233991547,0.35225825026035146,-0.7758114764759183,1.857674376959029,0.6987439222551132,-0.8660336245535375,-0.05569242212287587,0.3201582501559249,0.3537307347727001,1.2761301812226693,0.09099880652061182,0.6234590965932103,0.16656338816418276,-0.9923543801037578,0.4210736810740913,-1.8436114526371628,-1.4993588183409658,0.23053755345053795,2.36433280761329,-2.7569916080242716,-1.8651113357790885,2.0795059228788157,-0.5947143156571315,0.8968631023039193,1.809053308303112,-1.8539133140456436,2.03461492821807,-3.1622140252927897,1.1178298355316962,-2.238510205286667,-0.5466378787175248,1.4860623085667806,0.09579061383063017,-0.0014028006527281797,-0.25599656897628453,-2.3195326266978262,-2.920868437743815,-2.817108318642323,-2.6403248827138515,-0.25114529089693227,0.4106744187310625,1.6492114743207005,1.3111678332466914,2.0050441631526374,-2.0412048977986705,-1.8148144489936042,-0.927473115851587,1.4214592611672023,0.5776400170058285,1.2210953871241714,1.4715637923898797,1.3843144618118692,-2.302101729068037,-0.6221983992320916,-0.04197009077906301,0.4801774548884779,0.30271611366409984,-1.3680092118673728,-1.1607897503049984,0.3178420658900912,-2.2440431057297263,-0.2887914212597376,0.12689657275947486,-0.2454596043985632,0.4906036879733031,1.099726187925318,1.8503345721867788,1.83772068472165,-0.5049645809263855,-1.3208802186593576,-1.1918234186688847,1.169819230830246,1.7533169921542044,2.4905103326533853,-3.162910047719313,-1.3346977107562699,-0.9505165295270516,-0.3083035034491051,-0.2669778936094257,-1.8580158625651266,-3.32158277065872,2.8225024112166346,-1.5452479221359412,-1.1187318983929038,-2.423102490752258,-0.17634076779390567,1.1751304085883212,-2.060547371615218,-0.6109265634990302,1.9360651964631774,-0.3974321483111012,-0.42187426367980424,0.7996322623322696,1.6815640456159107,0.05109383965864959,0.8529421274436664,-0.9048830079411845,-0.01646530094517909,1.4380814564671671,2.1711763740929757,0.16802462737047172,1.2913563205425567,-2.8453878386488247,-1.5419557358338627,1.527206171348317,-0.7719962896183239,-1.0259043840205753,-0.9649851959338731,2.183698213809481,0.19881828215007039,0.6282107228179947,1.8368555442639778,4.252734876144442,-1.7042601736857959,-2.810668301949797,-2.3370429373679302,-2.4481367072892657,1.735653493842293,1.0815526901582515,1.271286067363173,-1.1319762080908318,-1.511468720802206,-0.6774666610024249,-1.0570975834925627,-2.1957672604932985,-0.04145493632198916,1.1361206133931077,0.7883513262180651,-0.9738692081682125,1.4648592694710671,1.8275199594571843,0.7487601122142604,2.160228715860108,0.6335734616883424,0.2701576379167342,-0.024715375056330757,-1.9684255499835472,-0.08668886175878616,-0.9261128549515212,1.5623486263996047,-1.5090168828006278,2.133120369741824,-1.241589094851707,-0.9490515863189604,0.11915303499673136,-0.9189330887621532,2.531131670678112,-0.5734019198269513,-1.1163066829469508,1.1651464317629079,0.18700774512080426,-0.7794159595971211,0.6833419070929979,-2.911162351868969,0.08249124210927058,0.12597398431039816
0.24224237749507427,-0.14186127986098074,0.6494987249206209,1.0957488236450321,-2.613315318793669,0.014619138371762992,1.925904192314057,-1.040217433899829,-0.20361521147414174,0.5701422991685606,-0.5758627749187477,1.9999722062245346,-2.054596224799143,1.8893627519427107,0.06994380153243751,0.20562485017118026,-1.2134155891909573,-0.7596153144957357,1.5004801959558685,-0.408997576223882,-0.187582634486921,0.08177185287927186,0.38511428036415585,-0.1714254583894334,0.1919677981310573,0.8021255011801367,0.27769231830381336,0.07691642875917418,-0.6878732961957776,-1.9949047568597544,1.4410993606358853,-0.13957327828701166,-0.19626118459592856,1.2265049461157984,0.3801771721959666,0.07415360859238186,-0.7459686506334615,0.42996854678192703,0.3949024033364475,1.4214803661355329,-1.048547874694515,1.7268483858285484,-0.006514631607663593,-1.8279881865616596,-0.5646271835187227,-0.2512257115648323,0.5304636190517917,-1.2954908255430437,-0.456071795693687,0.5841166008803884,0.015442964424235553,-0.20945597201722385,-0.28548439698859607,-0.8673438452824442,-0.07060870184296397,-0.43735411462686874,-0.13089159535423864,0.6374160358198306,-0.28096256200699016,1.2582761772843245,1.0433366232617938,-0.15777061358363847,-1.615292405463945,1.822403901120905,1.2385194619079896,-1.3990833908978129,0.3605059970850871,-0.564866212918905,-1.1900237315610847,1.2124746588351725,-1.3721595669951447,2.1114439303260126,-0.7544680872914498,1.5018157618139754,0.3609589604052384,-0.9597407260735781,-0.04589393509621561,0.00950084200083885,0.1671921855591863,1.544794938700599,1.9300927440301203,1.8835647800010373,1.74513728706243,0.16771324858354866,-0.2722552477225517,-1.1042620566692067,-0.843218309303366,-1.3631551864694464,1.3735926822043565,1.1875450455012844,0.6470926094476654,-0.9377339997573603,-0.4035169262723056,-0.8457587936525273,-0.969627682303887,-0.9078837892684206,1.5404063354088875,0.43665648564691406,0.03693007580749534,-0.2752012727622312,-0.21431407184968704,0.9368462163104425,0.7865336740484624,-0.1664108749179687,1.4977599314993462,0.20857548675010013,-0.10719577216660033,0.14495286425651555,-0.3392059846314371,-0.7252956350670547,-1.2489093040729504,-1.1922191842596785,0.3892589520911795,0.8773765575155011,0.7826506432584409,-0.7463628622933309,-1.1546540002255121,-1.7107703290471323,2.1371870767444716,0.8811673087719045,0.6045157420208541,0.19952290397979006,0.1922017908498226,1.2269080969511306,2.2494972854406328,-1.5452479221393887,1.6561996354678852,0.7670593981930968,1.60739433640433,0.13103530946000935,-0.7857923858877321,1.3931812392628509,0.4271705851774618,-1.3019319065191426,0.28293083742121816,0.30070275478734554,-0.5818320297073643,-1.1335010865926898,-0.01719472645563684,-0.5829157451893572,0.562721873388863,0.05587749024151566,-0.9382923836857947,-1.4721787117517267,-0.12939518208531697,-0.851542683681377,1.9154477314778335,1.0165637213835337,-0.9837094086906353,0.553744057111549,0.700852806047368,0.6596203878253196,-1.5002105867772673,-0.15065806618146696,-0.39997120857621676,-1.2402391269474238,-2.8300505756613163,1.1721132678710375,1.8804962833012564,1.597144450989574,1.674395297918335,-1.1452444682111609,-0.7157410735955241,-0.8764249249564264,0.7362991304858832,0.9888532038983068,0.4075619261444305,0.7143920001289776,1.456872362620451,-0.002499704484886695,-0.7337375742575387,-0.547288458787946,0.6829315387512064,-1.0174404416243454,-1.2332717185763111,-0.5340137732856486,-1.4203254182222786,-0.4538663218525522,-0.17282662635346863,0.01539810132518147,1.3173113991896028,0.04081593317123326,0.607624082111565,-1.0514119476648023,1.0212997250521394,-1.406167622258781,0.8112368512198262,0.59005189635964,-0.10606392187076027,0.6213057108053498,-1.6948186017383389,0.3744314134388595,0.7191069164531502,-0.7923686470609529,-0.12627057927610275,0.5232990555276029,-0.4475247723343366,1.939527808687621,-0.04998648322092175,-0.08540372151955328
0.21332035304069752,-0.059573692898427594,0.483508224995393,0.79212559913141,-1.9232400973524486,0.01851419299737565,1.388849123506674,-0.7775028192857955,-0.14776617276977186,0.42435280408353043,-0.42485971397168676,1.4322365015500165,-1.5047772398420103,1.4168988392111943,0.061433934910888874,0.10991991966642845,-0.8676402658901349,-0.5539247057263623,1.0569862934483376,-0.2354149153257107,-0.10395314499186291,0.06111739416699148,0.2708051174225582,-0.11268877507219055,0.1818443065407946,0.5648069924941069,0.22791254729310184,0.05627232015618675,-0.49459679866736694,-1.4760715652027052,1.0199870074360609,-0.02970483249858036,-0.14928581860201184,0.8373151469042535,0.26659532096139854,0.037505925972681195,-0.5623688121847985,0.33342368861991595,0.3150446172857637,1.054510324368567,-0.7410353889653547,1.2679775117179588,1.0952244445187886e-05,-1.2725428897366822,-0.41846231107609716,-0.2003052418978756,0.39398638963158367,-0.9083012242582394,-0.33089625638980685,0.422220757964907,0.015141946642391123,-0.17326602375616845,-0.19429772524529793,-0.6247853107472322,-0.07657364523059458,-0.2972143724454568,-0.07976623071812511,0.5209798065143588,-0.20468871626402507,0.9020069793480985,0.7367023334793252,-0.14130737378734473,-1.1939207201056896,1.3621453098731384,0.9233518121805246,-1.014344053426567,0.2967232432502183,-0.4588446606026465,-0.895255440633061,0.8755589583871716,-0.9939805311257428,1.5689039581022077,-0.5451818997374122,1.083320467729912,0.24234371980143055,-0.7589223678669061,-0.02395410480671955,-0.026010182856519855,0.13285934896462387,1.1188337862712145,1.4008956146782794,1.3592419816057555,1.2752398170601145,0.13016500878613585,-0.21638639182136946,-0.8243176785403582,-0.626131471416738,-1.0132627497364288,0.9731692428986513,0.8638888842511872,0.4480964816911887,-0.7097527553350025,-0.27543218803827346,-0.5968841814083523,-0.6684494191998284,-0.6547078039832477,1.119905018895661,0.28892125948295116,0.054373175724144865,-0.22390875645127767,-0.1835138709789663,0.6829505692639617,0.5447992415910647,-0.15167439040070493,1.073124376377927,0.14186172903410652,-0.054758417089895865,0.09292064874639239,-0.21052778386569246,-0.5472596689547722,-0.9418542980016522,-0.862226909042574,0.22742140732302593,0.6289885990402871,0.613692400868733,-0.5727657532968236,-0.8416784231355553,-1.2253446447757241,1.5464954246399036,0.6453197558257882,0.4895675562020584,0.15202418885201757,0.12611632718537222,0.9346333222825117,1.6677142420942301,-1.1187318983937822,0.7670593981918048,1.1158984044308138,1.1828827367061145,0.10828942600739934,-0.5914207160620277,1.0229789785107894,0.3155608644121755,-0.9791437483008953,0.1794886440076774,0.18249570516477076,-0.41709186200094833,-0.8138059388297487,-0.019066200552466897,-0.4594859123206441,0.4433904576012554,0.03162358453218695,-0.6580737202450679,-1.0735583400193724,-0.09442536440989456,-0.6063150177533843,1.3874720724649137,0.7356643204909107,-0.7460388137328985,0.38674883558227935,0.48057559800869976,0.5210173717159576,-1.0676496606091288,-0.11139058702340705,-0.33586990505642195,-0.9054589023091537,-2.086720644162915,0.817915600488669,1.413798681362876,1.1165609958399854,1.2117551254164352,-0.8548661822752436,-0.5435356412466859,-0.626154640757917,0.5398725417109687,0.7464406575301904,0.3149857048132513,0.5126378605050208,1.0712082013546145,0.0006697171541779146,-0.5967082514465606,-0.4155297336995911,0.4795924272759742,-0.72365004655886,-0.9007951952648893,-0.3597735647912467,-1.0473798992390984,-0.30878892219920906,-0.1407234136274959,0.03008863172530874,1.0088925749221298,0.028992584701015824,0.4315089449619243,-0.7547199020696208,0.7017184746564179,-1.0365870957307999,0.6042292305720963,0.4368775463334385,-0.022892419325595027,0.44663745302959207,-1.2556571305984092,0.27505193327317223,0.5583438360444463,-0.5685394092672472,-0.06593436994880074,0.3725738466462855,-0.3319816473511277,1.440465240399313,-0.07176906250459957,-0.08283884117927859
0.3665146635375145,-0.16864791924063752,1.0140329066257523,1.6832940818334265,-3.9929766625029854,0.004949219599554081,2.923797640997991,-1.5533578457039554,-0.25236888531677604,0.8300976486517303,-0.8734999268114687,2.987544579072819,-3.1350500703380697,2.915419651716002,0.1196139371363896,0.2925922791284713,-1.8130150008620183,-1.1487947521960884,2.2552837241406305,-0.6057465984786086,-0.24861300273472253,0.1370609778633271,0.5858816457849726,-0.19436881125913552,0.31427168279689904,1.2414274607726568,0.4459714082587276,0.12698770772614196,-1.0041593982773964,-3.0597497980866497,2.182656026888468,-0.20025817207115992,-0.23205608853896087,1.8632170306101685,0.5820104610143397,0.11863565206845408,-1.1989935417372026,0.6930306481097631,0.6795451021529397,2.264590666439113,-1.559152325220292,2.63085888810069,0.02984195240561456,-2.7457138097465386,-0.8717285458547547,-0.37131251499559126,0.810484120484965,-1.9069731087337394,-0.7310961266529905,0.9333035961362726,0.012682230961484256,-0.31863403919359784,-0.41345102770189124,-1.3290348349437655,-0.0902861939185295,-0.629493261764274,-0.18853613151399223,1.014918783049622,-0.41041305645654225,1.9179025065496413,1.5446878738302074,-0.2587575362126954,-2.4495552431642067,2.8477786264916505,1.8994185488645192,-2.1312464708347054,0.6405242514526654,-0.8614970176436415,-1.887726300319837,1.9645346801166774,-2.055033464125024,3.2634714215220013,-1.1649154718106052,2.2663120884970755,0.5698164340336093,-1.5291969932865832,-0.11161368107571898,-0.008399938278855022,0.23381584186004334,2.351542024662314,2.977264054328074,2.893137274466638,2.665819366713315,0.26360354390834545,-0.43489014469156584,-1.7128000923913063,-1.306573443966277,-2.0482931375314855,2.086175059186109,1.879110713492883,0.9678348157699715,-1.4280502386497669,-0.5956742679795874,-1.2847921585212556,-1.475708715264372,-1.3731470567178525,2.364089874725249,0.6445233784518609,0.05430251124162001,-0.5089361060097561,-0.3389901736919342,1.4070927605058567,1.1715816540528399,-0.30311856623258615,2.3247187163742993,0.3272331092682631,-0.1520725976192466,0.1943314325671271,-0.4811507213449895,-1.1336943272054072,-1.9401993425837196,-1.8017762798867063,0.5494731525142099,1.3280249190676003,1.2134904525721262,-1.1560893615966907,-1.8296285641102399,-2.5436255799338285,3.2901726677623366,1.360819550399723,0.9806867013796439,0.2937223917837568,0.2334368260583408,1.9251710336075574,3.3689821840647,-2.4231024907581227,1.607394336404647,1.1828827367083892,3.0179530624800903,0.21542084195120806,-1.2240533390094235,2.0991483831659763,0.6512892598493328,-1.9884506399124933,0.41794979488538647,0.45559230973763115,-0.8272794942369173,-1.7481006015539933,-0.018976086899507222,-0.8840638072349677,0.9072456621096464,0.0458691717081932,-1.4570329459834368,-2.2396745316786473,-0.19628718811327614,-1.3059527266558393,2.9659140681315446,1.628301072358489,-1.5601749239053555,0.8321638224951873,1.076999856195018,0.9833000957712568,-2.258326300672013,-0.25559238353620495,-0.6116879950181191,-1.9040192153797135,-4.377962180908015,1.7361799468866956,2.879867421724336,2.4227473548985863,2.4688797526186885,-1.797929964295729,-1.1265590701158372,-1.3223435976305127,1.1235486288366408,1.546579480558701,0.6301815592983633,1.0591423565691243,2.2876985510664634,0.043895367646581494,-1.179120994329757,-0.8229084463450255,1.0133547878573288,-1.5840061549893252,-1.8955166124064853,-0.7878651181334061,-2.2238221233272246,-0.644554368485201,-0.2989781758350099,-0.00037768579621653975,2.0303075009269236,0.04184647523587631,0.8904040730414101,-1.6308046858624483,1.5631948951622705,-2.2209326922479082,1.2929892741654585,0.9201509487518389,-0.11263069669986295,0.9366975983377311,-2.6409442534756398,0.5768403416453872,1.0945881123536023,-1.215772854174879,-0.18429826528509763,0.7421220955319991,-0.669115308714235,2.9723178146499403,-0.09362413736825252,-0.1386016810231126
0.05388055298894772,-0.03204494554063195,0.09461506869636811,0.1341300616092863,-0.34003343990638935,0.032207837595685865,0.2426209340038049,-0.15314556581175884,-0.0675549951775363,0.07515997373877913,-0.06559670894162943,0.24745023102507321,-0.3081578124489611,0.2417267472353636,-0.011780464208560298,0.018660433029690282,-0.1575732647495378,-0.09159848453349195,0.19865176219289624,-0.07519042873875813,-0.044214671385734386,0.007371132941046393,0.05411513431809237,-0.01534469138441308,0.04664812607044251,0.1331546606247418,0.0571834808425396,0.045026715035768355,-0.09616041908833034,-0.2918945371901353,0.1784143354071521,-0.02845086043407213,-0.02087512806215143,0.15995805313873676,0.0414350386324988,0.009391995168571372,-0.13209646116009027,0.0641901932299137,0.061795373434410716,0.18851752958800042,-0.15772453090387778,0.22638003902454643,0.04076242941765369,-0.24456260040973346,-0.09394494159586486,-0.02054754485822572,0.0733259687711764,-0.18386523129172824,-0.05516765664738336,0.10154168730841892,-0.013724365835326898,-0.023223613717673203,-0.03367279152595226,-0.12875198284666178,-0.00462481495010476,-0.033236356121597976,0.014578804420307928,0.08379576941463203,-0.016346953453035586,0.18662604013445563,0.1305988818622914,-0.0643123286811421,-0.2604041247949118,0.23390310508127388,0.20632740890006462,-0.1924572601597648,0.07456747566998635,-0.07035394426726915,-0.19538891383306356,0.16273644191355946,-0.1567508229955756,0.24918034168147776,-0.058148179446013894,0.22895138407739823,0.08322610843298045,-0.155646256558131,-0.008785983452002707,-0.006666612047244114,0.017853224260201275,0.20579508356786264,0.2727972857857984,0.2552499046214509,0.24290413075721412,0.007326403638460592,-0.02089187014357809,-0.1384171440885834,-0.11216912381332708,-0.17781582896605694,0.20384368064590316,0.13721601527291988,0.06645814847194441,-0.13644410988340075,-0.06659302036922315,-0.10050289742830136,-0.14518282075086478,-0.1347500945436763,0.20733866967761647,0.0285783906411694,-0.02918362899422599,-0.027287807159578813,-0.0072411630315474575,0.12586492081133005,0.09949886921827746,-0.01767847459158358,0.18773176877206113,-0.00918601937387667,-0.007089800886080553,0.039844762126843125,-0.017352888942029503,-0.07211484151042517,-0.143754787946225,-0.18766269855198447,0.031619625426899084,0.11270363038540179,0.1257148120143978,-0.10856029071719364,-0.15579968293903876,-0.23335125593853398,0.2675726531710393,0.10745827988795689,0.03257886222758454,0.020647343254022097,0.0026588158354385466,0.17398872053292655,0.26050330168401165,-0.1763407677979273,0.13103530946228487,0.1082894260094047,0.21542084195475397,0.5709858218015191,-0.06259460885175008,0.19065847063469904,0.030507149760168543,-0.19021928407188904,0.02976670686980427,0.07210103670026786,-0.09388631455743693,-0.12896687130547962,-0.02543911678889491,-0.09233067206837145,0.09533572123462641,-0.005879040021246615,-0.13468589881444815,-0.17778509590318117,-0.02119463151090553,-0.14175591041165103,0.2751495654763664,0.11874146983319438,-0.125813371854096,0.026937168667822923,0.09237406605808546,0.11560358768481883,-0.17642677745141472,-0.04059129447516529,-0.051943385918984786,-0.19579092953866545,-0.38826869433880823,0.1504763988745349,0.24287344438471792,0.18881419122151785,0.20392990029192254,-0.1482622590253681,-0.11259861012087766,-0.11187754236526015,0.10099686057485852,0.1701826732964897,0.07018257279223336,0.09712699256002906,0.20647617390697495,0.00819345596323768,-0.13318403870776607,-0.09106208012352919,0.07464683136123926,-0.14927431692695073,-0.16353071726024168,-0.092861005751885,-0.18556263282705573,-0.057967127911784155,-0.007144488827695835,0.025129395462939907,0.17739445197565284,-0.001864927944881913,0.07151620146482573,-0.14003434855553837,0.12563691597240745,-0.19508149851178042,0.13137880901146334,0.07524716258181233,-0.003443214103938593,0.03464649160008704,-0.2145652878812292,0.06104877851123932,0.12115004981130989,-0.11778754279149581,-0.004871476980809863,0.07659697919758063,-0.07796437070959261,0.28519793732849236,-0.005292759344125486,-0.01679237760645961
-0.2549301915147846,0.08623941569814686,-0.4932753347384301,-0.8353805059299874,1.9714479118910424,-0.012959128604305713,-1.4334207471957567,0.7697145766650842,0.13470555151122934,-0.4549316169854252,0.4450538194024598,-1.4782353391514638,1.5102155213822885,-1.4608674346572805,-0.0995851978063726,-0.11925283446220827,0.878373564980368,0.5707722487868123,-1.1412823858087318,0.2652188099696303,0.11471161595791618,-0.07696321001583338,-0.2836258633421675,0.12630141935715644,-0.12784237680865265,-0.6203071053247655,-0.23521666554137555,-0.05819633422304783,0.5025379624395816,1.4990504160486235,-1.0765402971385338,0.11281811030723349,0.13817819495875766,-0.9536508854047544,-0.27120689431362766,-0.04862896716178563,0.5882137202870596,-0.3385740517958331,-0.32015065384561436,-1.0830787292506474,0.7979703003569252,-1.325487279429672,-0.014226923623460876,1.3593364571454716,0.431385867306025,0.14782419227955068,-0.40867614481029135,0.9438752882597103,0.3120006081364216,-0.4608442341396833,-0.010663331913578794,0.15454715528464524,0.21498318661972407,0.6174352233017245,0.0705487565406901,0.2760636080511748,0.1040091894925329,-0.5097983752140731,0.23815690235127343,-0.9352455908299012,-0.7826045812258289,0.11240261328632521,1.2106928585605203,-1.39403314267563,-0.9354452856782234,1.0236584988516686,-0.25840203142530266,0.4400289695680142,0.9004973252348519,-0.9730304256033603,1.0712751590971896,-1.604144621475619,0.5710714366506501,-1.139556856235828,-0.28427952095281295,0.7249613636552684,0.051862359617442136,0.015355500928256861,-0.13050586332794864,-1.1802142375111369,-1.5046941315911198,-1.4216839683795697,-1.3316464149843104,-0.10205978288192538,0.19097016063809785,0.8581252088879583,0.6399423102370814,1.019564211341982,-1.0324733579997263,-0.9350940424699392,-0.5016335019667291,0.7535438649798104,0.2849986698905467,0.6032376420431749,0.7461014112706318,0.6796316055476451,-1.1657127491266175,-0.3052326089209701,-0.045307653714943615,0.2605017416416768,0.14232829708563832,-0.6493564125027788,-0.532748370017842,0.10802059528446169,-1.1479527024066736,-0.1490409044409366,0.08567331508278364,-0.12532257678414227,0.2547235144395222,0.5086755763562727,0.9067567212202519,0.9021541356190337,-0.2825263712122671,-0.6607881047324821,-0.6070436342071693,0.6046091503280603,0.8976019624534823,1.2831979052149531,-1.605859120015484,-0.6949833998165671,-0.4581511211619764,-0.15414217563274757,-0.14121741354596568,-0.9490465698235805,-1.6538122762971879,1.1751304085885332,-0.785792385886068,-0.5914207160618822,-1.2240533390066142,-0.06259460884968508,1.1683051270639473,-1.038402036233271,-0.2812890199225798,1.0166189015178186,-0.1987060804233449,-0.23975567908005305,0.44093896917767955,0.876997687298827,0.03624593674884828,0.4861608812003298,-0.49139409399561496,-0.03338042985290717,0.7041295116668526,1.0979734063050242,0.07696271662807205,0.6393994074742761,-1.4411701524598952,-0.778822855788036,0.7453930387126649,-0.44080560782366607,-0.5282069014361391,-0.4915400668823519,1.0848196670052535,0.1224812180409646,0.2767679924284025,0.9542972388322392,2.171147555166861,-0.8621484862616315,-1.4889643296494248,-1.2008777390404817,-1.2211089935778,0.8958883033483558,0.5576893661667016,0.6441761342775458,-0.5121366081461083,-0.7838961499549297,-0.30937613537261227,-0.550357052710422,-1.1395269008407716,-0.004229516185881467,0.6003536260782472,0.40592498066086025,-0.5070249334652129,0.7637943180182024,0.9191652285758789,0.3361045102496427,1.0782503598392341,0.3178349190821919,0.13371067693071523,-0.011420682351609819,-1.02276413761238,-0.02502160955960126,-0.4666542968455718,0.7922871649252476,-0.7897070440173265,1.1070909681443917,-0.6323549763716885,-0.46040831313126707,0.052198890784629914,-0.4594966358350377,1.2957366707482099,-0.2713434969624015,-0.5459451030882827,0.5843687695747063,0.08348182384781948,-0.3745663520258571,0.3758260044692355,-1.4949558928382745,0.025127177397326894,0.06906771489157998
0.31732260471533247,-0.11475014178262574,0.8402157509407946,1.4563940087473763,-3.456817205743758,0.013228059769539627,2.504498339912624,-1.3701292335230435,-0.2521556676071286,0.7501365478454725,-0.7945251652687781,2.5872085683147072,-2.7360743037187856,2.532556215081869,0.11797547460813194,0.2606665689766518,-1.6147236841480124,-1.0047966336869296,1.9362292177565195,-0.4758929067069358,-0.22387641765765712,0.08569517742415364,0.5211525333770035,-0.19018260738579315,0.27179101408354683,1.100829812217857,0.3766481013998638,0.06351270770663754,-0.9128060202815628,-2.645433533172269,1.8766328950520283,-0.12662118634544914,-0.20807457448342853,1.5818479032338764,0.4761155635694835,0.10259970541446792,-1.008861523803334,0.5336883384566704,0.5570243842721259,1.9659868462339583,-1.3405690097145553,2.3378656058913228,0.010096353704574401,-2.3841719203670113,-0.7698464590119992,-0.32535398978615676,0.6860771031984219,-1.6340624676904865,-0.5788125422474637,0.8052142720777923,0.012209362294120993,-0.2956289020675431,-0.3553191881221604,-1.098517469123141,-0.09407514551066075,-0.6037157787255396,-0.1573499993231811,0.8686369930159632,-0.3630112302199219,1.6719372512870228,1.3415144859399784,-0.23493762938320356,-2.0972718738842393,2.45847181991811,1.6559531921375024,-1.8146428976129099,0.5134318441584249,-0.7401628235882752,-1.6507621631916143,1.661694499567823,-1.8006936573010348,2.8302790139096112,-1.0007606186762226,2.008318134756334,0.490269702727956,-1.2837552757854611,-0.14027100122587982,0.003009469810562238,0.19487055020169786,2.065392486006805,2.5887285132972986,2.51028692874997,2.315595217009282,0.20664766145571878,-0.3515814263856936,-1.4891862534193252,-1.12924194000989,-1.7926751867493236,1.7969149004330438,1.6798655686627457,0.847511241222425,-1.263731250053105,-0.5229031067169868,-1.1502596088829535,-1.2684012205864696,-1.2277099550670931,2.0458850060431506,0.5324444463704493,0.06772003337618564,-0.4267334242963718,-0.25990294009467707,1.193680489309361,1.0124139665777037,-0.25584525913401884,1.9957727988028202,0.23650233625445277,-0.1534861653200551,0.20892462105016807,-0.4597778337375372,-0.9343781404200413,-1.6768720114836624,-1.6017681341608323,0.4450372017677033,1.131484283456831,1.0304042806949363,-1.0205025750945438,-1.5324210433093979,-2.1999524309921363,2.857124428827236,1.2212593326476575,0.8255645578251307,0.2422602394032618,0.23243620935483172,1.6540748166677846,2.9395506798295172,-2.0605473716215785,1.3931812392642982,1.0229789785135441,2.0991483831678077,0.19065847063204167,-1.038402036236554,2.4268682759139426,0.5454136489079376,-1.7569416832864577,0.3435224146610947,0.42112370065962335,-0.7560697652781249,-1.5237390392920558,-0.011243156003891669,-0.7744373984277939,0.7557977393069154,0.037930652740623357,-1.279493054276284,-1.9415957733270928,-0.16634735308357743,-1.113198224030217,2.4855558951151404,1.380288383341627,-1.3388468985872686,0.7195097390396477,0.9145232330921962,0.8807135559684295,-1.935430684483909,-0.20075864658702905,-0.5163788316797733,-1.6488428217151554,-3.776030013612004,1.5142417696631907,2.4827854090327985,2.112606966544124,2.1832354077946965,-1.5607881774918704,-0.9385564116021846,-1.1525779518390247,0.935496675517161,1.3398160612161474,0.5365508574628115,0.9389447041933274,1.9502588079550474,0.061132810589097905,-1.0772492570863694,-0.7280113160345842,0.9063239029256688,-1.3196866042022057,-1.6196495418949415,-0.6637862764112166,-1.925966593538645,-0.5519134898494376,-0.23903513638526924,-0.014623273060789727,1.7660482082644169,0.07635927849771429,0.7976526752323821,-1.3681005284311671,1.318191783535026,-1.8779224818640947,1.1231692509639082,0.7887802120440666,-0.12034967056550705,0.8178275783867136,-2.2919496576719225,0.4892503624293273,0.9496680460306621,-1.080486620689167,-0.116419070396489,0.6519799271485044,-0.5999445965812554,2.617030223351675,-0.05766001620852579,-0.12252020220372466
0.09893796214427496,0.0070550413158715596,0.2084505230101732,0.4519919705166119,-1.0047150507080411,-0.009809087461578941,0.8100137916876854,-0.4479369568554234,-0.0734600685229237,0.24548444906520972,-0.25570089826716375,0.789636413314596,-0.8624226196822173,0.7723484827639956,0.0010182776290713416,0.0671229043773321,-0.4784168625457804,-0.2978274569225947,0.5819162147384521,-0.14906588869374007,-0.07948732327641703,0.036090275554565135,0.1391181372650498,-0.053228294012986635,0.1193338542934805,0.3460401507966855,0.11133296585614058,-0.023060547980146267,-0.2805974907262248,-0.8069937280053531,0.5605707129536561,-0.051759139842978044,-0.061966684942948276,0.5110423913787224,0.1670578592945496,-0.0016257282975786769,-0.3040951845488651,0.21117961452919592,0.15577725095369432,0.5774676551626557,-0.4097812703248132,0.7247081426503946,0.020192536736143345,-0.7202046075417559,-0.22339652161751303,-0.09784508514536853,0.23093787806516242,-0.4750718428876517,-0.2059736740793046,0.22878304552586215,-0.015083769260800187,-0.07941427972668921,-0.07989260671202389,-0.35407540241391433,-0.07932359176750166,-0.16687034424155836,-0.06555722756194093,0.2527389240901921,-0.11016035428558914,0.5113506882060228,0.3822141918703875,-0.1116309167767622,-0.6731814964092073,0.7506110353448093,0.5139777333461513,-0.5592922502966978,0.15677054718457836,-0.23315681130215687,-0.5054969585795935,0.51014434519015,-0.5490748380046555,0.8547289707094512,-0.26918784601188694,0.6110518033950101,0.1342110734987907,-0.3902607366168264,-0.023203098515044103,0.009187268707327716,0.09069307212998459,0.6215513594399331,0.7746830104584057,0.8094107919030262,0.7119755691688648,0.03335621207997277,-0.1473936026746937,-0.4518573704338308,-0.30852075630575004,-0.5497081287036609,0.5545888292648834,0.4720880227684099,0.21196888046960446,-0.3695555924339021,-0.14469611262055032,-0.33290489259280853,-0.397547443622181,-0.37204799003903394,0.6098031091001362,0.18884712320615452,0.029404088258495706,-0.10183606636154799,-0.06895353487466234,0.35567450168976145,0.32467398893258664,-0.052555369522733444,0.5907673842802874,0.05983096616852612,-0.05765894031059678,0.08662272723474078,-0.09446005554507314,-0.32710822824816527,-0.5060194615922312,-0.4881314493483995,0.13693834670198976,0.3417307590361614,0.30213355858143953,-0.3003435279528353,-0.4715921642205344,-0.6748891992673401,0.8871372862768466,0.39438683411112185,0.2555703703267414,0.11333148874072307,0.07057315224606919,0.4960159793539902,0.9119046401527361,-0.610926563499093,0.4271705851768138,0.31556086441195885,0.6512892598481049,0.030507149759262893,-0.28128901992271305,0.5454136489066299,0.7103490546462569,-0.5556944071473723,0.1113608182736008,0.09174186593929849,-0.2553164814152378,-0.4786137137839932,-0.024414964165564088,-0.2560183941879539,0.25069529578238364,0.011251633120347097,-0.40270835671019173,-0.5911671884360249,-0.06592619629253492,-0.3748372355186115,0.7792320240478496,0.43686955239558567,-0.4146341796457821,0.2110538659078747,0.28201007723797367,0.2642630788977058,-0.588420965905938,-0.05688736961332349,-0.14923892168544753,-0.4914833660590856,-1.1905913644608592,0.4601832858293067,0.7651420995839469,0.6545245402153673,0.6477306817059538,-0.5097959648654941,-0.3078059613607371,-0.34610576280898264,0.31609468248587025,0.39315084765083697,0.11783452209383977,0.2806783153569041,0.5788215957691673,-0.01470008063890543,-0.32070477909688627,-0.21007394239239954,0.27601585213279206,-0.412932866492348,-0.4988853121852572,-0.2138249926060767,-0.5800657211188138,-0.17389139146212657,-0.0744525158053763,0.00029382235169892953,0.535723866441042,-0.005619559704242029,0.28054216889074085,-0.456522449455425,0.4401493150392247,-0.5448961741026056,0.34825582434938557,0.22601974958579066,-0.024443296267733727,0.25743741675614223,-0.6807768818465009,0.13016378308619564,0.30078798586360184,-0.32804580012778906,-0.03312361455276816,0.21855686662748153,-0.17715482981023517,0.795161214612028,-0.0329956944110227,-0.030710864351455
-0.3124185463928139,0.12061418444342965,-0.858668795353617,-1.3799666472897292,3.297385780850611,-0.01338410862538235,-2.3817733322933505,1.2444921174826058,0.23781304886323704,-0.6692555783925256,0.7340786590521844,-2.4268847163352922,2.5310221235524715,-2.3770527121480636,-0.0967205536492272,-0.23402724628628035,1.5165019591694429,0.9353754269515904,-1.8583304186682985,0.46043135964312826,0.1795659896692739,-0.09509509286596726,-0.47702734743669634,0.17146072009734473,-0.27955857107860493,-1.0286141171321939,-0.3326836852576478,-0.09823530581500614,0.8231047947483479,2.497462331760003,-1.7893295261444249,0.15830072543760385,0.24229389768831314,-1.4915444885353009,-0.48154292130246473,-0.09383007960875192,0.9618758245090007,-0.5625402646464495,-0.5507420153038669,-1.8046853303310995,1.3041445399009188,-2.1658039076170983,-0.04029018154538825,2.229044934774593,0.749822868840369,0.30010193590923323,-0.6672968207876415,1.5566054624619645,0.5662862601181776,-0.745850452084988,-0.023589901798573204,0.26601172262645134,0.32565103766695136,1.0623674918976858,0.08104126802552541,0.5524880343142654,0.15745412432064526,-0.8412612319099542,0.33441960018645067,-1.614503901200016,-1.2493907135349844,0.19990533647400827,1.9875446812849307,-2.3209951251159198,-1.6110198534232336,1.7239784675849192,-0.5116549022171979,0.7385551745566189,1.4944907480002818,-1.5882849726629735,1.6612736982583651,-2.6301954697900674,0.9557531184496717,-1.883845674158554,-0.4632181470810752,1.1992353082080252,0.10408213148323915,0.02049788844662386,-0.23844191951999913,-1.938559594373875,-2.432034128954839,-2.3834640011835218,-2.181872200290134,-0.23497351314488524,0.3473769772440163,1.3791176827164822,1.0483527395421415,1.687809695675707,-1.6850991349811237,-1.516293681155342,-0.782967186882076,1.1830022280354957,0.4544548353496621,1.0657197397909732,1.1860494373244634,1.1626633426879542,-1.9479753292660529,-0.48753233288193654,-0.0634021788023896,0.3872296229955796,0.2564911926255333,-1.1738238928834677,-0.9804361367316943,0.27116709999613814,-1.8760433592642287,-0.23985006069922804,0.10772748067654393,-0.17666889505056566,0.41032429430030926,0.9046048042086434,1.542777714224322,1.5474482549059643,-0.4636718046582981,-1.081306071049828,-0.9911740158041192,0.9327272597500239,1.4298264371277714,2.0976407344991395,-2.6734206189944985,-1.1100107623021893,-0.816379611688536,-0.26185239323586557,-0.2107552490347939,-1.538674621956939,-2.753579247068527,1.9360651964655693,-1.3019319065177262,-0.9791437483012568,-1.98845063990981,-0.1902192840686099,1.0166189015189133,-1.7569416832829534,-0.5556944071479549,2.2073822148476756,-0.3224191455934857,-0.3978699015360638,0.6997968423386225,1.356246084514022,0.05581831191028863,0.7206054045218301,-0.7004644239037212,-0.05835927840938893,1.1817009309133217,1.8275649155498805,0.12892433770330836,1.0945650501628175,-2.3960893790395366,-1.3152371418102955,1.2120221987497146,-0.6499288095493436,-0.8251888339107494,-0.8184235775198163,1.850272504082667,0.16999852121634282,0.4999881624540349,1.5587165463750348,3.576621910786738,-1.4113315176443788,-2.3862477539935556,-1.9721916210158361,-2.0554422268258907,1.4559061418505308,0.9006175052500888,1.0541485198295317,-0.9059085153889508,-1.2829511681594465,-0.5013188166388064,-0.8494883350628081,-1.8445068020379054,-0.0334069437849904,0.9879245497242743,0.7062166811250002,-0.8268235567938755,1.2594392551465323,1.5192229715724639,0.6211404225935862,1.8001893268388127,0.5502889876820422,0.2531363833606445,-0.001968419023081633,-1.638593106145935,-0.03880538028672169,-0.7513605929301159,1.3409830590289455,-1.236068300441432,1.7569794275852813,-1.0288308117746758,-0.7655225044007801,0.03520645242616455,-0.7529438036197462,2.1240225610877532,-0.475760732750129,-0.9067266753585232,0.9980462528565122,0.13553982618935953,-0.6582292052959802,0.5853980527568284,-2.423684350273924,0.10195234080376983,0.10493509854013429
0.12730436553042854,-0.0314294067166045,0.19390868862440114,0.305148034948506,-0.6588596180820107,0.025191327650527538,0.5202459799407501,-0.2802723152825824,-0.03244943166284308,0.14716467093240332,-0.15106414244072888,0.5025603123695043,-0.5147034567910488,0.48458388871287666,0.023107179463671895,0.032749769626454955,-0.3265963463993874,-0.20919662241070047,0.34214764753368987,-0.09814044056667925,-0.01571133489880171,0.006917436312853773,0.05728892104560676,-0.04016019516713727,0.05317874171415384,0.22311223885628256,0.05570414930067706,0.011040307853524157,-0.14047990301333213,-0.5350997109988996,0.377928470928432,-0.07216155372172141,-0.07833539849288719,0.32368105817514636,0.08128909595907222,-0.0019433032501550568,-0.1531352037294735,0.08874593771227955,0.08207843920613286,0.3712151207395831,-0.2829585858884699,0.41417196611823714,-0.0239702335779667,-0.4350540868719896,-0.19122026647193102,-0.08026771103750506,0.1429955716640436,-0.323923194742468,-0.13209913571878867,0.1366594833449903,0.015967378605798707,-0.06879144594565623,-0.04609531850578662,-0.19399190083634582,-0.03764161242362136,-0.1478343362528406,-0.011965048345428709,0.13412225593891072,-0.05488845530798006,0.3280012599928902,0.2639786109972915,-0.05447840445407061,-0.3812326155758075,0.4730180251622467,0.3237602831053009,-0.3425808662369418,0.10316968571446253,-0.15096514238554426,-0.29815633982953704,0.3317356129060874,-0.3602058184036459,0.5253655571880412,-0.22269342004921372,0.3784281043817533,0.09384018395629089,-0.2668078236007989,0.0040736080984784,0.011095584798598842,0.03767452400508155,0.4304240441063531,0.4766837764847044,0.5331064166130219,0.4699778181751764,0.03511704365502959,-0.057763366607804796,-0.3114296114867903,-0.2465668978095339,-0.3568014484073164,0.32668949857518537,0.26845498436876397,0.161153255985248,-0.276426376691098,-0.06633098415233744,-0.21555925219320937,-0.2858908531968486,-0.20876751445540606,0.3803102963371195,0.10463040459109543,0.059684150716643375,-0.055735553546067275,-0.06269737274547786,0.2292510853129508,0.17278549767036064,-0.06878546741058886,0.4159875759988508,0.03453596829874696,0.006990227680392001,0.07122760963057642,-0.0691772411972633,-0.19048273859015943,-0.33229862757841344,-0.2850641457996115,0.069253844660671,0.23142700233679647,0.1833115376594624,-0.20729468281646096,-0.32500437522632236,-0.3894324418594179,0.571661329614648,0.20366047424997596,0.12932240388149419,0.028194727594084326,0.05103365911686598,0.3723409681065582,0.5925656180703395,-0.39743214831004653,0.28293083741981484,0.1794886440068458,0.4179497948831071,0.029766706868901118,-0.19870608042273002,0.3435224146590126,0.11136081827343357,-0.32241914559210416,0.5885986784671531,0.06468360691550655,-0.1519598643761126,-0.26075160671040054,-0.03499911604944202,-0.13667241887725662,0.14613335972317246,0.016982367861434748,-0.26104522849027184,-0.3736467727401561,-0.016951902488659232,-0.2317003490764885,0.473660054374609,0.28204125027229365,-0.27870096661442945,0.15719121806315325,0.1739881644897137,0.1812589988973935,-0.36186312850200475,-0.05156545142776039,-0.11895701753564066,-0.3305309795781266,-0.7429628805438793,0.31247413216506614,0.4990643120831559,0.4212429085048608,0.4200059158960835,-0.33431344353408016,-0.17925771179856043,-0.2296031766174233,0.1887502328576121,0.25206125636817783,0.08437615568390695,0.15934916240757938,0.3785601550550211,-0.002350924130523668,-0.20876549026675553,-0.13133410278320035,0.14859802936565847,-0.26924417845884246,-0.3233580571208929,-0.14103800545740694,-0.35871039926317067,-0.08779228934676718,-0.0749892089459407,-0.01693346229370546,0.33974451178688125,-0.010002015445187872,0.1962524700542306,-0.271876450702081,0.21926845950948687,-0.3630817943415933,0.22136072474344978,0.14343845202696193,0.01559255945663433,0.14688017567189704,-0.41981989986474194,0.12488086714231915,0.16784561750809326,-0.21287614063114124,-0.05435895614829079,0.14798022491141366,-0.10739367272443384,0.5317858787991461,-0.037248241152262065,0.006559575064874558
0.04165592675741406,-0.04152655631326377,0.21334392786661963,0.3465157205362318,-0.7880483371413778,0.011241437247313833,0.5978518170609037,-0.30877062595135707,-0.01405145111899201,0.1632392007840726,-0.14076232969813923,0.5758991589510838,-0.6372787871435854,0.5645446060941504,0.017567085640760132,0.03802927547907359,-0.36800341478965415,-0.2588395981202525,0.4773987641990483,-0.13844916779358737,-0.04342593948466983,0.024594309381553076,0.13148332141410707,-0.03262122098185376,0.09937371593122908,0.25071011523638553,0.05205169917474141,0.051476437417273285,-0.1700486190228926,-0.6028375734878265,0.4310708941965959,-0.03813468428695033,-0.02930207710075939,0.3464849393808645,0.10683644199142966,0.018382745596273228,-0.23282399384738642,0.10524761351534774,0.10607940926959614,0.43579810818451764,-0.30689912100565436,0.5455964101438157,0.03585912121023263,-0.526617927935302,-0.14473341892781272,-0.08890287378629444,0.1649703988494215,-0.38640256670065753,-0.14048149858686884,0.1628497148585422,-0.02290770841472389,-0.06736805804771569,-0.10888357999122783,-0.2809190625656819,-0.016253406073479845,-0.0915850747563131,-0.03204484707740821,0.18711474394913097,-0.09086207176495964,0.39166741809056366,0.2930061062697528,-0.04530003958610778,-0.4645328177296461,0.5413543976916071,0.3509472424721571,-0.4055696949917559,0.11777856814924932,-0.1932253852211862,-0.38418992360931886,0.3915474978159412,-0.39191926647249536,0.6740813257538701,-0.22401610694957555,0.4346607410533624,0.09080983898501785,-0.30903940211786224,-0.060566799458454654,-0.008045226523816125,0.06886676297311167,0.46779845029660166,0.609589008790201,0.5630759497083246,0.5097039140878618,0.06445162203489321,-0.09759664659509454,-0.3797367610241498,-0.2198734395812315,-0.4195221736660288,0.43275669665330996,0.324640336954075,0.21223716829070244,-0.30913196258675363,-0.14640923994457647,-0.27760607380990787,-0.28120239378621953,-0.26723192652905664,0.46777066340542245,0.14047061100734579,0.021173737950730864,-0.07573883116456505,-0.10728526955888065,0.2870416536795223,0.18553283816338498,-0.005687630255026746,0.4471287167126364,0.06030579107140391,-0.03241713187409417,0.03205282743931144,-0.12058586515916495,-0.24290316302632867,-0.35725361107901055,-0.38008618110638487,0.1277864369712127,0.28275404114085817,0.22319108776767224,-0.2510968506471453,-0.3337544501452267,-0.4851288173351779,0.6615589214078167,0.3011991684426984,0.2095809129667685,0.05433665059511317,0.041159340094339185,0.4174491983213268,0.6852429738483724,-0.4218742636835954,0.3007027547892764,0.18249570516657115,0.4555923097404566,0.07210103669990428,-0.23975567908189577,0.42112370066166277,0.09174186594026093,-0.39786990153898943,0.06468360691650551,0.6347690664480218,-0.1729889116293524,-0.35925801031531923,-0.01111229346089115,-0.1863631617706127,0.17447018801027842,0.004044216983367535,-0.2923410290608475,-0.4589781283031389,-0.06941257891815521,-0.2480050328550589,0.601975078699691,0.32279373293250496,-0.2859567860894135,0.17999708667676803,0.2194826386721662,0.16930137654453398,-0.46576176152550797,-0.06989474466516736,-0.10618793154575575,-0.39225981636527973,-0.9081010015783488,0.35314795381104963,0.5989835566669892,0.46137288964215145,0.5506753538821252,-0.32326736807797685,-0.23048934613344155,-0.24318207894837354,0.2210432412282596,0.29382392611941494,0.11407535274338426,0.17992903888289982,0.4414909918923398,-0.017967147643352593,-0.26166055881212347,-0.15938989017144545,0.16155500710582923,-0.30709367825469747,-0.3994929713193455,-0.14332235248293293,-0.42425004625435814,-0.18315656189609958,-0.0592417281531146,-0.02060685057414189,0.40999418441234103,0.030392843306470817,0.1918377206495164,-0.3296619855652236,0.2747064242748465,-0.44619672470693467,0.23933886605239454,0.19156322218029648,0.007951196655576816,0.18796959280532427,-0.5391451072524361,0.12637330662976634,0.23712264923572846,-0.25505065690012835,-0.034319464741496046,0.1614997771888941,-0.13497148129160136,0.629110516170792,0.001230898347041865,-0.008071271305144682
-0.1141697671036031,0.0994686776425404,-0.3915273388741304,-0.6047332086289069,1.3683154186854514,-0.04354077490173395,-1.0610625518123065,0.522035795525889,0.1132945894436651,-0.2829632840812494,0.28693799735647496,-1.0408613039660004,1.0834500643979061,-1.0238273863113012,-0.05527388873822119,-0.08495662848609371,0.5995948482474073,0.4459538234984192,-0.793970240056693,0.20108753241935304,0.04148419823306777,-0.07186623746192518,-0.20745373193056277,0.0807676741420668,-0.13219975521527486,-0.47762203263923886,-0.1864044366230683,-0.040130692372057575,0.3446775924611452,1.0897029810444656,-0.7592803879802574,0.06016818745472972,0.11147638713031638,-0.6623518716790893,-0.18897228475210676,-0.027637562903145972,0.4492509846784103,-0.21697540476992558,-0.2435341195677037,-0.8495080879538536,0.532564770356502,-0.9378905840598707,0.011619871559708665,0.9487715952843576,0.3245306058695699,0.10911105352806763,-0.27314684405590195,0.6401955836356557,0.23763822409314084,-0.335731177975286,-0.0001436104215334355,0.12404968277272074,0.18639446666788798,0.47156138849861656,0.024465677390459243,0.2678257198086249,0.09306867590145457,-0.3728659121547977,0.1380277677349795,-0.6765613970728696,-0.5302433081941239,0.05622528234677762,0.842825335342771,-1.017898935294022,-0.6476570409126136,0.7615106781751647,-0.20924038592215663,0.2998813459102908,0.6584893054166798,-0.6973773276415471,0.6994880682306527,-1.1604398615823532,0.40730789761577274,-0.793505329315516,-0.17386499461108515,0.502589628434059,0.04062055472224438,0.01595463118675611,-0.06697600079930739,-0.8250462560437829,-1.0427607744213663,-1.0241397356280202,-0.9431167227761709,-0.12174833698032235,0.10877795476535863,0.6362967071760617,0.46341924605776064,0.7259695057269608,-0.7507269376241908,-0.640794192574156,-0.3352508105368307,0.5172781491737579,0.20153740001365608,0.4487796295646982,0.5157218344367931,0.47379871375003996,-0.8281107715034719,-0.1702192743916782,-0.008977838403505037,0.17692343673258162,0.11140800665397523,-0.4959563800637761,-0.42297812498049225,0.11904257605332724,-0.7711950044163149,-0.11701492899545321,0.06152277880768647,-0.10982427355463076,0.1832051123379193,0.41331889162695284,0.6940564594392451,0.6490429132786238,-0.14028164427245746,-0.4916381182362386,-0.45125404762181615,0.39530271519757076,0.6252827163595032,0.8857164001935542,-1.1213309109661314,-0.48616931052476964,-0.33306387422209316,-0.10082623785389608,-0.08674527107691687,-0.6559889701338856,-1.1754359778352919,0.7996322623334537,-0.5818320297068454,-0.41709186200113785,-0.8272794942359473,-0.09388631455604718,0.44093896917822173,-0.7560697652768218,-0.2553164814155693,0.6997968423387874,-0.1519598643767519,-0.1729889116281187,0.8544805067671062,0.6054284121322372,0.010631733801684726,0.3226341895536719,-0.33049928890563285,-0.01890695828977521,0.5088766063854928,0.7983450391064475,0.06975502501638067,0.43680687860522316,-1.0111056796683036,-0.5558366955994977,0.5399044566123833,-0.29364322983328295,-0.3525331949565401,-0.3260279117271403,0.7928775892063284,0.06374859207626844,0.23545455084380618,0.6433619345313095,1.5383410639858217,-0.618041259620989,-1.0116452649900916,-0.8459323509301935,-0.8663705636840128,0.610466001628046,0.348209182843373,0.4777024701962027,-0.37877664876313877,-0.5687094488469212,-0.2316953196530982,-0.35211317306145556,-0.7805546182278909,-0.0263232645060976,0.4019676492454742,0.2795551211187259,-0.33916347001571867,0.5351774003393115,0.6610217716663747,0.2572119444612957,0.7837196342490411,0.2507404023606186,0.09252460853621768,-0.016956362204996328,-0.7298887441231258,-0.03633864065692866,-0.33903102444349364,0.5469060500218174,-0.5295113977606747,0.7375107259656764,-0.46100057832405644,-0.34442150176717545,0.08784605750494494,-0.31626423813716187,0.912782102057184,-0.21650234539690766,-0.37253887340670266,0.42315885544583604,0.07867182130083794,-0.2616102619377699,0.24473536163596052,-1.0701201397522766,-0.00962741421800345,0.03350510908556401
-0.28313145675313056,0.09916231437912398,-0.7103708558479371,-1.1921147716168219,2.834400100480507,-0.031447920696537325,-2.091652753381932,1.0966863118024768,0.17477097163375596,-0.5970169906460653,0.5981144890915454,-2.106434792465359,2.2025446615998923,-2.092949764110194,-0.12106937018686507,-0.18920386232406589,1.2937269246757954,0.8110899352716366,-1.5811871625560723,0.40747625369884743,0.14566823070291188,-0.07963004868753037,-0.4268090632801389,0.17391913214952037,-0.2059433119763741,-0.9101920148398756,-0.27859007629427246,-0.08298952336656461,0.7234655865527531,2.2415208198545087,-1.5326310054411387,0.16334723046634397,0.16898227605190538,-1.2578327193221117,-0.3828157060476949,-0.03152424867766213,0.7877891372316177,-0.48282314864861803,-0.4916621167130609,-1.5874037800243892,1.1087317478075978,-1.8951276180859893,0.006457748434850363,1.9191870349023632,0.5824010991924624,0.26066138333226885,-0.5931444470349952,1.3146525121327644,0.49470325366959084,-0.7022149346397556,-0.007190638091189014,0.23467815941955195,0.26916473458580614,0.9305104934233224,0.0825731929675276,0.465678189135232,0.13866936754773238,-0.6899648218788733,0.2721539428361894,-1.3593200038940638,-1.0688300095000547,0.1589869260983773,1.7088727039900216,-2.0077102981107138,-1.3501612147562827,1.4955183568221322,-0.4744089493888648,0.6395937816469301,1.2812071881549019,-1.3867451574479501,1.461905224616367,-2.279935108439061,0.8024558144197379,-1.5747432457171975,-0.3936333980710303,1.0913403154215606,0.09290779611627459,-0.017558529043457102,-0.1873370839109229,-1.650670473274533,-2.094765720356474,-2.013131044540146,-1.8615502747304646,-0.18907943514800873,0.28212189670943744,1.171533718663014,0.915096939573426,1.4467424624802794,-1.473127482595124,-1.2761758093942814,-0.7088356796694383,1.0089323517948914,0.38923546937987297,0.9134734762287033,1.0629402647215984,0.9991244234504093,-1.6919991583885372,-0.46140801272785714,-0.02536082243335691,0.35498106392379714,0.2415815500235335,-1.0105423660033537,-0.8543664665142346,0.18939175788270227,-1.6226190589129896,-0.17687404143218427,0.0820217245970022,-0.142373777417203,0.34819371424354195,0.7808683767063958,1.3582607967873346,1.3133817399696557,-0.372604374591417,-0.9395168809809994,-0.8727567280240925,0.8203681962112125,1.2669001966479438,1.7616649730139846,-2.313515119280805,-0.9910170158847424,-0.6835577977106234,-0.2619237377836545,-0.20080847722557582,-1.3693125333210945,-2.389914502885839,1.6815640456234597,-1.1335010865956556,-0.8138059388332762,-1.7481006015582328,-0.12896687130369827,0.8769976873028871,-1.523739039294401,-0.47861371378554524,1.3562460845189293,-0.2607516067124674,-0.3592580103142594,0.6054284121341726,1.736888048902727,-0.005581399392448741,0.6630246062956598,-0.639574439204099,-0.03743230759924443,0.9577692585272675,1.5806429216872244,0.1289256510503414,0.9494714860736265,-2.0823229275535944,-1.137493522163918,1.0431921971200122,-0.5711861759665171,-0.7492957068902342,-0.7052240112816435,1.5473769457540365,0.129574670460164,0.46623559768752826,1.3634998624793886,3.086237199757303,-1.2122507644467664,-2.0535076556962424,-1.6980887553575688,-1.7669799431389674,1.2588347031145941,0.7933830384493333,0.8966045009969258,-0.7849697470937125,-1.0873231844245983,-0.4572975432086966,-0.7421500834773581,-1.5893651937772102,-0.03022971375549068,0.8622114397082419,0.5633922093726327,-0.7240977692263866,1.114952416134987,1.3533877479790832,0.5500083412180754,1.5571593710984895,0.5101077789532743,0.16086584210355281,-0.011994482778132302,-1.4250291436460396,-0.07733033317626144,-0.679228865285347,1.13493897147314,-1.0811449179858104,1.560121999889132,-0.9190687745980852,-0.6472616774933676,0.08480180790658651,-0.6071389449743001,1.8630054724854614,-0.38574778012462374,-0.7655010463511415,0.872450792893965,0.12984904307379597,-0.5405566577197819,0.4919387405419791,-2.1010706617302977,0.07463333633069227,0.11200146099331942
-0.008207361963140343,-0.0245186307070905,-0.04784474796834403,-0.0074504757922779765,0.0502236225379531,3.602653123056069e-05,-0.012698885874933206,-0.0035046979053203137,0.003691845920584649,-0.040350374782402595,0.020433155880714402,-0.027224167750219838,0.05845806038436354,-0.05233922611826173,0.0014598772953093974,0.01731575177771923,0.02201865032805439,0.02551272192646763,-0.023840920330993113,0.01209053384570632,0.02325881486666179,0.029195780352313454,-0.023061314019095287,-0.004284861894610105,-0.018417994622258377,-0.07748317953983307,-0.0347803624910651,-0.00277330838586348,0.05098122242049455,0.041724864790746566,-0.07229616079188857,0.03408052719919227,-0.016026876794015796,-0.021216837011939844,-0.04426370258636247,0.004611939512989447,0.025833277286763944,-0.0253414917007473,0.02229550866176563,-0.020213204526833572,0.02349380351003744,-0.021655157876535127,-0.025871742545988122,0.05469170571381555,0.03730211363648047,0.016343741166923297,0.05587684169167998,-0.005409514732626746,0.012372903801303722,-0.062061782484513446,-0.007887663364964189,0.030828214107190867,0.013753817831985933,0.03633179713006478,0.026668635975995166,-0.002248249326771981,0.03450490827754034,-7.073491782263032e-05,0.006797172842976336,-0.0389017172449399,-0.05417928312693436,-0.01201479682303675,0.008413480092530783,-0.054514483278055775,-0.011155566617665154,0.014695759009672547,-0.03339515749458482,0.013025390008856953,0.023548650196155246,-0.06145597466738655,0.0015637783086635511,-0.03579197311911177,-0.0012765511305334036,-0.07715854548578509,-0.0005731703005438867,0.05155808443725649,0.011622207905034862,-0.009090406151060824,-0.035830145953461914,-0.03374605193883051,-0.06064546986550374,-0.044538258806897414,-0.004213801380475746,0.009338843253360957,0.01594862455658521,0.01730057768137559,0.029921020368419295,0.06227126174463318,-0.0702763407912122,-0.05540360717876725,-0.023339378256665964,0.006989230291127538,-0.027962280727154783,0.02793395894982666,0.028155322866800496,0.06947992469776074,-0.06250163659010557,-0.017745484452563007,0.02619425376514084,0.013416555266016848,-0.003962310093832647,-0.04467745627938902,-0.003834207378305186,0.007557891137080949,-0.038158586671765964,-0.0188934963013369,0.03463946919183344,-0.01203672076796732,-0.03961530440450692,-0.009137805716756075,0.060596496267948566,0.01219290023591201,-0.014193748549630798,-0.028695220802339567,-0.01500927731986507,0.009687877207989066,0.04187891623793244,0.018641814402065752,-0.030631365268478268,-0.015996364357238984,-0.023137398322684202,0.0026024222747296393,-0.010952630290184584,-0.03846981622341628,-0.07779109237629646,0.051093839654438825,-0.01719472645264275,-0.019066200550268184,-0.018976086894832295,-0.02543911678830434,0.03624593674647057,-0.011243155999999558,-0.0244149641646326,0.055818311906627976,-0.03499911604875269,-0.011112293460000389,0.010631733800190234,-0.005581399395558396,0.551390371757292,0.005330212197972469,-0.012158844291028013,2.8270838775628433e-05,0.018832710572353327,0.025185690354456933,0.007989724713038177,-0.017102044571308306,-0.04647192975846997,0.021594162460822217,0.008194210773306908,-0.013788559587973925,0.00894449583012076,-0.020402014973275026,0.00734951480724205,0.008610193257259362,0.009758247789312334,0.015493519900848995,0.0826292804824443,-0.04860303293040864,-0.015952577254499375,-0.033085960836690805,-0.04897647466134565,0.004061281133057874,0.010106714365410495,0.02230541396183812,-0.054822230355353205,0.02680445557009905,0.021986257929001263,-0.008438507695219546,-0.0467230639069933,-0.04609394510044889,0.009606233769468817,0.0022596295149549892,-0.02840143898469579,0.0596318248415375,0.0252723439307776,0.03601712630603173,0.03795529271926446,0.04079271923772196,0.00847188353099829,-0.01124558004300599,-0.06117973438871297,-0.008330398400628374,-0.022985651084255345,-0.0020245937049041176,-0.017956820135380813,0.04047488378322011,-0.0051348734803800455,-0.004240079316013093,-0.013680790102923356,-0.021868209832943065,0.048334610584223066,0.011776505125899159,-0.02765922095355391,0.009285333571513683,0.011557636367260342,-0.021036587604691615,-0.03036045103476423,-0.02441742085023536,0.03449495731470869,0.00730755631579493
-0.1385439544033619,0.03279272306068699,-0.37184279143484694,-0.6248223485939357,1.4688373295099735,-0.01048006243579344,-1.0910312705046783,0.5944766141448572,0.06978734214218284,-0.35497182618657613,0.319373251600779,-1.1082372161654932,1.1278897311235874,-1.0430309061221645,-0.02137975181075958,-0.09724477071939733,0.6780733536076854,0.42406635709466894,-0.7949317237925003,0.22678814810091613,0.09453300143242704,-0.04518809503335513,-0.22756258313756583,0.0614600621043202,-0.10417768086569298,-0.48146317233570146,-0.16136447504070212,-0.028402894930689336,0.36242887570147014,1.1535078929560068,-0.788951128568469,0.03996878328966953,0.1273121411514622,-0.6908955182182558,-0.20247791868024184,-0.037185614580207346,0.4673859124980934,-0.24321964807416327,-0.23626400691583904,-0.8494073766736937,0.5741518361926318,-0.9863480330345713,0.015784093803596577,1.007848148261594,0.3599481543953746,0.07952655487838106,-0.2778698063531445,0.6909611775974334,0.2722916882704806,-0.3451873013474489,-0.053374580084026,0.11476948721366913,0.14515614137009628,0.4803821320622354,0.04369889582101709,0.24349110237645882,0.04336951668700008,-0.37903082202437477,0.13260350256584633,-0.7118181981763184,-0.5475906613572066,0.09868570960952407,0.8973384378815601,-1.0179065498006414,-0.6852289552672611,0.7678868134708655,-0.2123583869262532,0.36319268271231425,0.6425521557535964,-0.6936257452135534,0.7276887173159251,-1.1771911850944252,0.4531583074709434,-0.8655943149607166,-0.23874966392053584,0.5409334110487016,0.007094068417529121,-0.023156529979565462,-0.09403977974798436,-0.8927767688048818,-1.121420976914211,-1.0417616459112935,-0.9630162049631159,-0.11258250287433301,0.14773740383192357,0.6506662149791328,0.4916126246171891,0.7644601144729931,-0.7534488329812302,-0.7080868350236859,-0.3689978496066303,0.5216527661209561,0.23395828444739272,0.4596167534513872,0.5768418619614708,0.5195694918311033,-0.8657368867769882,-0.2504344831545964,-0.03172256976900417,0.14004049083670062,0.10383686467935518,-0.5151334414518401,-0.44099541336513803,0.12459226063296122,-0.8368993739752795,-0.11246739098630101,0.08507175839457778,-0.09785902892724728,0.18440173128264226,0.4433086664552254,0.7167498271681296,0.6593807524362948,-0.22775166205028569,-0.47788451190721465,-0.41862950776079555,0.4014410569538429,0.6538002294184482,0.927252624980079,-1.2105975741698696,-0.466077793669717,-0.36463942645289127,-0.10621903796997767,-0.07782410891303258,-0.728932982065937,-1.2477943558375528,0.8529421274509286,-0.5829157451933176,-0.45948591232415115,-0.8840638072408646,-0.09233067206792202,0.48616088120427337,-0.7744373984321272,-0.2560183941896008,0.7206054045273113,-0.13667241887890721,-0.1863631617706676,0.3226341895558765,0.6630246062981555,0.005330212199517164,0.9166460670566907,-0.3330923800531209,-0.0015110310685737469,0.5225066429412096,0.8202296214769638,0.07370810945048799,0.49555460016768305,-1.09632570698945,-0.5757877988443435,0.6086573616491145,-0.31863853584021734,-0.42224405265053155,-0.38888051984830174,0.8421420026084759,0.11479194447916924,0.21190012256666774,0.7119659665231951,1.5824974526761426,-0.6542602420352541,-1.0573727656377196,-0.8511648185625791,-0.9676413311683736,0.6322005382589435,0.3849875428968648,0.4762859254286782,-0.40543916367509436,-0.5651618902674128,-0.2218135161773751,-0.4028210422043747,-0.8563555724749187,0.010127864690717883,0.460406182888872,0.30345787583841516,-0.38419547272248894,0.5630700111292458,0.6765990435393947,0.30090537388654076,0.7982879465415671,0.2425191510560876,0.1066596270539247,-0.0023223699162332884,-0.7658381276608683,-0.005876345776612828,-0.3264866739586722,0.6003092495091497,-0.5996922064898372,0.7989382448629592,-0.4784857055266062,-0.3378926641408082,0.03065296763875168,-0.3407385627137414,0.9496546174480612,-0.2349861917309101,-0.41477938441150275,0.39388633308673304,0.09277050978737558,-0.2878144474260796,0.24880090444474562,-1.104715832248973,0.025107580157828404,0.02672254137495011
0.14804741616378045,-0.08846039668291104,0.3853025386084354,0.6134550926639389,-1.4783136819444438,-0.0025554176583867166,1.1120845496665468,-0.6056534079987027,-0.10274581084826956,0.29968586616874154,-0.3255480735062038,1.1292628782270115,-1.2006785165424432,1.1146323510483387,0.06274237862886065,0.08743609520693202,-0.6959978422289385,-0.44591050691587514,0.8694053058727488,-0.1605744187374534,-0.07998352140281044,0.04198483098260361,0.24358935123998887,-0.10403832161426486,0.13521070622359865,0.46751869336225915,0.1683819999162138,0.0741268329370614,-0.37711121899807487,-1.1357070960848292,0.8496205819790408,-0.05704536438678763,-0.07753088847858303,0.7011187354488583,0.19533290924977023,0.042854964526800224,-0.4458893190224021,0.28258840455962386,0.2758293635597704,0.8349371252337142,-0.5914294932546957,0.9876686430423769,0.033830885183270064,-1.0469303297619277,-0.33118308378469447,-0.12320794784663959,0.2907850314850588,-0.7479328626750024,-0.28156700545536,0.3520110170269754,0.00329468504374833,-0.14574283269380134,-0.13895067835870953,-0.4935122084815971,-0.03373695856611189,-0.2587123098783345,-0.07394801335928912,0.39510632319042116,-0.18096674939238017,0.71183628101097,0.5993850294230022,-0.05083589989961547,-0.9378384575325294,1.0704064345887152,0.7255165546856948,-0.7862622545688533,0.20337966297020468,-0.3281991691336913,-0.7173182269941912,0.6953034399314054,-0.7896965013773666,1.1915252943355075,-0.42102957685641634,0.8726340022516892,0.22406592970625705,-0.5764492906538953,-0.022447064156941348,0.0033579796658149814,0.10516682397033555,0.9059770982834652,1.127918257547379,1.1106718952306025,1.0148440730756532,0.1021998659218364,-0.14987743351365534,-0.6501262585888503,-0.5131837564900444,-0.7764025963447366,0.7787571006004044,0.6918687165893161,0.351030631826057,-0.5625441396027835,-0.2017237605105941,-0.511878383766899,-0.5350614098354165,-0.5397369972586304,0.900142343725946,0.2486633704018844,-0.014490617262071612,-0.1816947954073898,-0.13214330594161225,0.5037987602841448,0.4659669443358092,-0.11569918058460618,0.8845443759126081,0.0893179201909321,-0.028160596291295137,0.10395455411522594,-0.20198249541792035,-0.4641445866726546,-0.7240186450106472,-0.7168270232584084,0.20223894720032487,0.4974019557075985,0.44565636796023556,-0.45534399942234355,-0.6691074323658454,-0.9620060108586719,1.2357469735113114,0.546802077622386,0.367357554420659,0.10710684591987367,0.042413918091578566,0.6812468927935551,1.2873083333885813,-0.9048830079425497,0.5627218733884995,0.4433904576018091,0.9072456621089848,0.09533572123333424,-0.49139409399630785,0.7557977393056677,0.2506952957825246,-0.7004644239040544,0.1461333597238361,0.17447018800918476,-0.33049928890571023,-0.6395744392020215,-0.012158844292752661,-0.33309238005067415,0.9105208034425761,0.018029856207190866,-0.5230894032416781,-0.8458767184021245,-0.06822989066538347,-0.5122431258983979,1.0980202560256034,0.5719627973400236,-0.5598226279107804,0.3466893517207522,0.41808213489155904,0.3794173236641538,-0.8437000592908112,-0.09498905465102198,-0.19205823309988515,-0.730562275056784,-1.6393697784657772,0.6279678311467592,1.122322667597242,0.9335381233323898,0.9679610497853554,-0.6931927401699692,-0.4345329077261806,-0.48251387816441316,0.43906928592719596,0.5675422854130084,0.23314287529533356,0.4249794798451059,0.86211090213924,-0.0001941144757346908,-0.44492956841933384,-0.35358746486198195,0.364780831567569,-0.5992005856792463,-0.7322908504270417,-0.3135146394318479,-0.7965877993383412,-0.24223797738980202,-0.10307963978355195,-0.031492430192166826,0.7568159928658289,0.022904298618350742,0.3439964055608202,-0.6331390704147275,0.5900184947406185,-0.841353469113372,0.5201308769764037,0.3415938257076091,-0.06316968006452743,0.355844720497157,-0.9832155352328495,0.20334436630723807,0.4099453366817628,-0.49685509361967223,-0.10270029872475159,0.2837032887013164,-0.22997450427815214,1.1058457592198072,-0.052449153704095634,-0.06668551238403941
-0.003621498839637477,0.0171665505562498,0.00913547645109212,0.012499666458358434,-0.11043304761040718,0.011604469632004665,0.0479253954595716,-0.013363322539825468,0.0030563558609926823,0.0357547502510932,-0.03906234258252855,0.07691525485186458,-0.029190040756453633,0.048343841164423015,-0.019008607240520437,-0.024743005889704964,-0.051892175640977194,-0.062466539781931354,0.031952484504826247,-0.03979475430004585,0.015276837803572292,-0.03220975815699675,0.009881934204264722,0.030897620059982946,0.04522395939310433,-0.012605381384351699,0.003713688272594357,0.0033153948948414736,-0.005212550575353506,-0.057104117132877795,0.031043004547389615,0.0012296322831215824,0.032252288486787226,0.0288686566357757,0.012193189013288159,0.02251305028356826,-0.0337035319903013,0.014847345503521127,0.04066031151058575,0.06117461222823506,-0.07310790526761926,0.0585529925616958,0.004633847880306369,-0.04435582392228408,-0.03147024495590816,-0.037880529814227244,-0.01590117435472544,-0.047701558910131184,-0.029447982214235065,0.010445006178815643,0.014949976899365704,-0.01406056637234605,0.012234970134979439,-0.03823037428607842,0.028012641911045723,-0.04328939900947466,-0.026216987455361718,0.0246233523437528,-0.03324347196028441,-0.0032979859478861257,0.03368055318913086,-0.00807053639766825,-0.06086128128189752,0.08943846589440754,0.059194027558322836,-0.026818110967745626,0.024777535412551035,0.005887104181940023,-0.04632234690511429,0.0516123670793865,-0.055137100159374064,0.05765495416067528,-0.0024855935903322288,0.027252881607542932,0.009959509977711188,-0.07491546521371871,0.023261040578218022,-0.01905530364556398,0.04844940142859324,0.10277354291995948,0.07574159447054359,0.024887825636600653,0.09139391431790496,0.0135717953502966,0.005379544278389096,-0.048602752444194715,-0.04023693781954879,-0.013624985383798425,0.015679221357499686,0.02611523737885026,-0.04077611104355416,-0.034768667068530386,-0.013675675612031528,-0.031110230307070563,-0.04564022006109782,-0.005521641887910209,0.011443801685483066,0.0028805217160933006,-0.00023993052523662835,0.03026892793198875,0.002362145382474903,0.05340464019611165,0.020371194830038623,-0.013641828995158709,0.029292174235189514,-0.006559441855814297,0.010059755861505182,0.012373474944441184,-0.023001236130381828,-0.03568621378522654,-0.035448892430365066,-0.042384187259342176,0.022808406413106157,0.0554329916754085,-0.01565169800955486,-0.02337797613431723,-0.011739390914529383,-0.07037039521469596,0.07474554426040166,0.011678644558731412,0.01875759194989875,-0.0013377178943467963,-0.02270134715094309,0.007380613478548526,0.0348150138953026,-0.016465300942238376,0.05587749023901524,0.03162358453031834,0.04586917170434132,-0.005879040022048093,-0.03338042985123066,0.037930652737467485,0.011251633119820066,-0.058359278406633394,0.016982367861005446,0.004044216982423013,-0.01890695828861213,-0.03743230759668819,2.827083858344487e-05,-0.0015110310671126574,0.018029856205835106,0.5612001035327054,-0.012434839787611942,-0.042037715790555465,-0.014929038413033835,-0.014761858701485674,0.010700654805352908,-0.0007913354277495762,-0.026926117445893846,0.002921651062791209,0.009884860760372928,0.022727567234443427,-0.04104952468913026,0.025169049873583794,-0.003132075145184281,-0.04657106291291344,-0.05459677505727148,0.026025323868542,0.02728888713316669,0.02488320408072767,0.04071472255606103,-0.024010881964758753,-0.055467827374460696,-0.04086670262691507,0.0019808942821853744,0.03214890114070305,0.014152642193479958,0.014343390206267155,0.04290059456507179,-0.010729392896478259,-0.03712029732055053,-0.01568310718759549,0.014935626938797119,-0.03237185206923465,-0.04394449220529877,0.0021395468255213023,-0.009452434636473061,-0.004876569674884424,-0.04936701781160052,-0.020923066785066863,0.05114795834187486,-0.038842505893933996,0.02276144668747326,-0.0567049088540372,0.029532086567387695,-0.039275435549988275,0.04260146710198631,0.03987781911294381,-0.009217454500686437,0.00282310842418883,-0.03744154788771147,0.03839179870065473,0.025584723748287765,-0.030342688827171654,0.024537228441719044,0.0064030427360016,0.0066618363876092485,0.08781633109517867,-0.006206297895612839,-0.012614169853731264
-0.22931087730479727,0.09887314380329632,-0.6151538610179975,-0.9894462905276618,2.357349383007856,-0.04580037103947055,-1.7337794983468953,0.9123007411626155,0.1979035783007889,-0.5160517994588019,0.4959942149367861,-1.7774701780184077,1.8587636003758747,-1.709878221287868,-0.07240917508937517,-0.1757744003292598,1.0865528740166162,0.6997959899505742,-1.3327513859127547,0.3473358753692173,0.13547566505589081,-0.047835796690391674,-0.31280942175953613,0.12636553786212057,-0.21903663868133894,-0.745727638787663,-0.28432390851239897,-0.10264963801813445,0.5894778752554815,1.7931134096656343,-1.2977582632680207,0.08977582058458154,0.1847776069833145,-1.0653266256495242,-0.3231644550624562,-0.0293788365992561,0.7062506887166458,-0.4172648930129974,-0.4087266484778998,-1.3536542292052671,0.9436232225313523,-1.5768913936655449,-0.03198929873049713,1.5978151898412456,0.5018467690478141,0.20581052308877523,-0.4292968612991954,1.149609694697434,0.3880371508329563,-0.5332586969990896,-0.002438331984733366,0.18799761254007447,0.19238744169331976,0.7765394690301961,0.06365053933247912,0.33941718900050566,0.06975023267580431,-0.5920675909820338,0.24744240520388547,-1.0926824882095207,-0.933909607510302,0.09952982774281656,1.4378135525611977,-1.6606744798625321,-1.1032584879077223,1.2372846369185262,-0.3359820579015058,0.5087223135631918,1.0619437456791863,-1.1491812351526187,1.1897466318267345,-1.9128905243929677,0.6536691993504281,-1.304636094446822,-0.318885904859497,0.8901182608678798,0.07272117416158719,-0.015161814613792951,-0.1455373530830204,-1.4055294155082456,-1.7015789644155257,-1.7463290986194215,-1.56308987646008,-0.1284899939199613,0.21627629357554418,0.9916030934798061,0.7629399713979241,1.2090281923760662,-1.2482798943605327,-1.0947889015875236,-0.5412476530059322,0.8398100108786416,0.3755121727424951,0.7303296214402661,0.8834754868513404,0.8218973745155849,-1.416880282173492,-0.375756708155771,-0.05137078124917401,0.3151679450538746,0.16949977889761697,-0.7998831556311934,-0.6979054041493926,0.14626057835684073,-1.3012371816435062,-0.19510048100146424,0.09523315994457904,-0.13493417196708501,0.2626961804862934,0.6491667880688639,1.1455719430313411,1.1080893065406805,-0.273124921442061,-0.7951052709169841,-0.6936433571631194,0.6832837724744525,1.021911314523478,1.501786001885292,-1.9428621715839958,-0.8152368213880221,-0.5541967720688598,-0.16978119629010213,-0.15774808867780188,-1.1307561251673905,-1.9906055137794936,1.4380814564734017,-0.9382923836880436,-0.6580737202478997,-1.457032945986651,-0.13468589881280624,0.7041295116700668,-1.2794930542779368,-0.40270835671156974,1.1817009309173503,-0.2610452284920674,-0.29234102905981274,0.5088766063870894,0.9577692585269555,0.018832710575031456,0.5225066429389543,-0.5230894032432454,-0.012434839789890663,1.3960453610933665,1.3556485313131106,0.09155314200687961,0.7540339063201712,-1.719377267376289,-0.9355745902640775,0.8796933595310696,-0.47829257544261133,-0.6461692020898282,-0.5836235249802342,1.3466514736129955,0.13812823636308058,0.38096095371489785,1.1101448990956753,2.5662630890304476,-1.0049814693623838,-1.7453814572577622,-1.3601142614182078,-1.4622596751025878,1.0719192093917573,0.6656379158768773,0.7877000773623869,-0.6377955287739298,-0.9120707816289327,-0.35066131875317325,-0.611548909987728,-1.3496439967342067,-0.009647254568258143,0.7078574814033153,0.445958627130746,-0.5799048699755198,0.8789066306744571,1.0858460517376982,0.4314368008374328,1.287618541860907,0.41292964413690997,0.18712642472951446,-0.0038090466279571134,-1.1948848993871468,-0.05367367796685091,-0.5654010749603013,0.9742443633508777,-0.9290829251403976,1.2688160539169613,-0.7676621333336747,-0.5057775822800188,0.09563690793717983,-0.536668531013457,1.5159675251945235,-0.3391689803382717,-0.6481799082915707,0.7118512215034738,0.11880354239420637,-0.4246329528198236,0.36011017717137334,-1.7979347838827733,0.03868878771655664,0.1054460075089592
-0.3941530573978869,0.1480839396370982,-0.9219993815381896,-1.5744158301207447,3.686266276294455,-0.028946804065936027,-2.701885165068321,1.4156408948859789,0.2017383896575288,-0.8117918812329028,0.8256945126571041,-2.7619141327135037,2.907320375284521,-2.7432768064651394,-0.052709653829611056,-0.3115634018089626,1.6802420459108123,1.0848278663865247,-2.107454714631975,0.5388818705723881,0.22275590990344485,-0.10374622294278742,-0.5524726387375027,0.195743248609752,-0.290422853735738,-1.1587629582457897,-0.414539337248506,-0.10601005646484599,0.9639521630881138,2.8338792251507874,-2.0229709965265954,0.16623568893444468,0.2604008605838975,-1.7060273413438272,-0.5110088795996112,-0.04725872750319607,1.071169190921798,-0.6211096127896142,-0.5998341255943253,-2.0553626873631448,1.4307098423326536,-2.4681140924754503,-0.008709083405103055,2.518326098810688,0.8310051706790645,0.34891635262939746,-0.7963556377549711,1.7349406480166645,0.6604662713242894,-0.8654608386549201,-0.005177112167599973,0.304273655534129,0.3509922435286007,1.2101725359207476,0.10227504348019847,0.583082489619051,0.20175493517480836,-0.9186782478316606,0.3702413860757294,-1.7886096227059634,-1.4586464956615433,0.20774296382233512,2.272098524314811,-2.659745738242271,-1.7833103110219235,1.9359560375258176,-0.5800436991299202,0.7838713103891124,1.7211475449296916,-1.787570635837573,1.9141784341732193,-3.001678255999027,1.0834926522513935,-2.1210503989465606,-0.5262386278458648,1.4107808551670102,0.1264732309372358,0.01704660906560927,-0.2352974944697553,-2.188510231708484,-2.7578851196571486,-2.657022957659269,-2.4988560589024122,-0.23186186010977328,0.3739008542671751,1.5718680478805864,1.2490901957562788,1.9054603449564333,-1.8974851400253725,-1.735303059111625,-0.9048408472831555,1.3375883521600676,0.555697887609705,1.1793746613535898,1.3588866615169317,1.3346553528652672,-2.1977604296996347,-0.569641645882346,-0.054039933136347515,0.41579168061839944,0.2734011931258422,-1.2927290550843278,-1.077947665456379,0.236725759526429,-2.1096307092486732,-0.23179805519425017,0.12814164761099797,-0.20977726379578535,0.47331108541221034,1.0161210452048997,1.7486239197692692,1.729870693836432,-0.49323035836296325,-1.196754088427804,-1.1299421818896958,1.042485746856196,1.669245726067352,2.369221696128314,-3.006765125581358,-1.2576377479314906,-0.8808968796900275,-0.256391289202902,-0.26574559017164834,-1.780035588028512,-3.170675839642392,2.171176374101043,-1.4721787117542398,-1.0735583400228788,-2.239674531682024,-0.17778509590046757,1.0979734063093036,-1.9415957733284201,-0.5911671884378129,1.8275649155546523,-0.37364677274256797,-0.45897812830118706,0.7983450391082367,1.5806429216857913,0.02518569035856006,0.8202296214729621,-0.8458767184040539,-0.042037715793776846,1.355648531312217,2.6785773727541327,0.14153915893219476,1.2093894218728132,-2.7209242934733036,-1.4536541762685982,1.3922989716238892,-0.7618980222127456,-1.006368808557486,-0.9183844738035202,2.0704425116507554,0.1980635563780372,0.5617204792891065,1.7710398182097618,4.059309325330743,-1.5658807556129337,-2.6901245837257868,-2.241683451493264,-2.2923616777659066,1.6291819728948398,1.0369623295681216,1.2280701880527187,-1.037694083005724,-1.4631430587246272,-0.6110235545006852,-1.0182253222703288,-2.0839664127878583,-0.029494555681802197,1.0919449566185218,0.7363001704713757,-0.9270050140731815,1.389488040268092,1.7234785674835815,0.7458169541404503,1.999704900370193,0.6025704767269242,0.2837753702264101,-0.02568508802553511,-1.8766363987495374,-0.04145260204595619,-0.9025851363553359,1.4962147685882854,-1.4504371595876648,2.0145249158157568,-1.1909879572729305,-0.8611961333828604,0.10345414100434364,-0.8691853824829325,2.3865416067406726,-0.5253794728510275,-1.0289233146529115,1.1618562509956105,0.11502033334307846,-0.7198319053832609,0.639320447937891,-2.7258375790504865,0.09616942462254831,0.16435929470289243
-0.04001735365713654,0.00621734979092289,-0.08909439666060133,-0.1392953035901477,0.3050891057096854,-0.004807568854174652,-0.2235297863071378,0.10997060098203301,0.011153611653259872,-0.07352137976770455,0.05578339196703086,-0.22512491114189165,0.24670784156902492,-0.2466452741281465,-0.021103092349505963,0.0038437660230272695,0.14547296957866526,0.05484090185597927,-0.17880956951293073,0.021477049613506716,0.028910960530918364,-0.010472768065436278,-0.030501955279145242,-0.0034517601790710296,-0.017618500323394078,-0.0888030276263772,-0.01848616454670114,0.004225862187666971,0.09132651335967226,0.21264800147329177,-0.1688065660829528,0.01651006681429049,0.02142745893560719,-0.16188038709005176,-0.017086714238146533,-0.024067712541959087,0.05308864188154752,-0.005983804916606697,-0.037385839637005876,-0.17079332224010216,0.10748081802431637,-0.24962607386140015,0.009130957271155255,0.17147267624764248,0.09991823090012453,0.06182794163854495,-0.0694073156458021,0.14166372805217434,0.04772060326200138,-0.11577572074098817,-0.0025117732597892545,0.021110219965895113,0.02995635786114787,0.10744782194215276,0.006182808883794791,0.025167185126743458,0.011452942749546977,-0.1062167415968508,0.02229637344208947,-0.15426581102857154,-0.1219549072724591,-0.005367896860782484,0.18148001121113994,-0.230521856075591,-0.16909946511201196,0.11578244040242382,-0.07876353392894139,0.05085114290745147,0.15767660804741823,-0.13491619160419652,0.11160449154079496,-0.25780454176776024,0.1072470778680048,-0.17615798611544792,-0.035585280757205705,0.11534642542394738,0.02096090439401549,0.002342607858308406,-0.027122398609789565,-0.2145884032266197,-0.19967414681559784,-0.20278414696561864,-0.19891782326685734,0.003071632662033538,0.04543403941564471,0.14550984451700716,0.07672213511821069,0.14814479259689134,-0.13609058145117198,-0.14713811997766554,-0.06809500083659277,0.09011339552874885,0.058630978951430796,0.08227574487097497,0.1354196028325919,0.12167902142297371,-0.1639350581498609,-0.06490546511067564,0.0049567554863972334,0.08196311876366845,0.03590502155364289,-0.08391353676194034,-0.0851694251504771,-0.005873525739559057,-0.1639294285112467,-0.07139103030689005,-0.013616192289046583,-0.04358319203634423,0.07055213848638664,0.10257756079215466,0.1350435068594197,0.13517206200368184,-0.0062243971105250435,-0.1063496309090706,-0.09725062677257115,0.07643544322555998,0.13675227647611937,0.19480875213309107,-0.26353441815278045,-0.08053847566422204,-0.08202848900711741,0.003891126750367688,-0.0602466006687104,-0.1255701529458982,-0.2497979344780847,0.16802462737488366,-0.12939518208799697,-0.09442536441215486,-0.19628718811738863,-0.021194631511053913,0.07696271663033348,-0.1663473530867441,-0.06592619629357577,0.12892433770700332,-0.016951902489618493,-0.06941257891866613,0.0697550250179465,0.12892565105258066,0.00798972471356931,0.07370810945126309,-0.06822989066686236,-0.014929038413761418,0.09155314200889604,0.14153915893543367,0.6209558773914516,0.12164559817483749,-0.22545739583682195,-0.12421660390584378,0.1238024256007242,-0.09271315605791107,-0.06295805279749796,-0.09444536978864727,0.1582148741646279,0.02353724262480029,0.054888822872767085,0.15323876542672568,0.36670005297879854,-0.09340793474938915,-0.21001101011042292,-0.20071900111129098,-0.15436114544569016,0.12404695987866411,0.0723795042381854,0.13174037272142133,-0.09063569043971331,-0.1157590424405529,-0.051346047501127465,-0.0668089279450077,-0.15281199004054638,-0.035725720677243875,0.09551690137036432,0.05035683800000367,-0.05249263367525081,0.10773149586124546,0.15141443307698174,0.07571272847659097,0.1531202923899057,0.06318156288268638,0.054384749155016524,0.005843921908689688,-0.13918596780993656,-0.02943895788653841,-0.07800989080992655,0.106531378642895,-0.10680569404151738,0.16693803642008825,-0.09580997009219368,-0.06872980121219248,-0.015521538507071917,-0.08359501581675047,0.2229619931432423,-0.05072613341463518,-0.0782489896718425,0.07438931853524461,0.0004945816423120707,-0.051016881985746144,0.03280494586419132,-0.23838706948510857,0.012087915023129612,0.011988596249578003
-0.19662223492889938,0.07016606453377583,-0.572514826054,-0.8888880710709189,2.1421518358207376,-0.011590960183710718,-1.5937649432896244,0.8411981654475599,0.14230610287447054,-0.46009615779548385,0.47896174285482984,-1.5887447714168592,1.6788404588703547,-1.559760669888627,-0.05778463055169889,-0.17450904145869192,0.9799959103376386,0.6353756862712381,-1.2066867145106228,0.32678137311580935,0.0890263210171086,-0.06683019027403064,-0.33078552842915104,0.13702647741229387,-0.21161734720075037,-0.7129430307197424,-0.21849313563964493,-0.030464810262114006,0.5411773935675059,1.6335340054421554,-1.2118210304969137,0.09069699965227149,0.14989859161859798,-1.0060418503083592,-0.2957738146096119,-0.040671770016368874,0.6261714640154,-0.411117840006748,-0.38904097088625966,-1.2275920667095472,0.8276570416449862,-1.4424495608406707,-0.021596352213997,1.5372869307798855,0.4681696895459843,0.20929842877830712,-0.4463259374316852,1.0399197776815332,0.3656001173197136,-0.5222374586076467,-0.0011355032110652447,0.1618608176498162,0.18106982983044512,0.7390284492811848,0.03557761848593988,0.3573241712297405,0.0704901786349309,-0.529546199820673,0.2752616136296209,-1.0258981213429796,-0.8283570090328616,0.11212612473858553,1.3199414231117248,-1.5296964940569246,-1.0305923533325894,1.1404837336653197,-0.3447761970373324,0.45224927786428964,0.9974468233298122,-1.0373513145956135,1.1163200199914163,-1.7541224832960127,0.5875132106219483,-1.2167932358227873,-0.28092066933283794,0.818971674088521,0.08105836141782832,-0.03542896644894089,-0.17298251075042148,-1.3040464219760681,-1.6215277537144943,-1.5579060581570998,-1.4516148621966318,-0.17190413932974016,0.23131978486555413,0.9239132282940966,0.6539211852633274,1.0986971217851715,-1.1088881258311676,-1.0118379860579625,-0.5175323090321007,0.7851295874272264,0.32782436571052453,0.7118385310820851,0.8169014603909631,0.766576125409999,-1.2490389907588197,-0.32798866868956145,-0.053561399124306755,0.26286620314911097,0.1978442810603278,-0.7289923026291776,-0.6429272784157853,0.12956991148531122,-1.2388290575052172,-0.16532451786464336,0.08459605575583612,-0.11274852680165609,0.2598569696277481,0.5831890820210129,1.0230964624267458,1.011189305152948,-0.3232884372410677,-0.715352985490999,-0.6574620401034894,0.6161718162039543,0.9463113875926815,1.3764661676638774,-1.7731496805612414,-0.7236976876326294,-0.49699584207682646,-0.15652807898037419,-0.13237702431141227,-1.0166725866072812,-1.8594064776012567,1.2913563205358058,-0.8515426836747015,-0.6063150177493631,-1.3059527266452227,-0.14175591040853391,0.6393994074705653,-1.1131982240205835,-0.37483723551692905,1.0945650501555049,-0.2317003490758221,-0.24800503285158146,0.4368068786020444,0.9494714860646212,-0.017102044569019002,0.4955546001611574,-0.5122431258950169,-0.014761858702654194,0.7540339063125318,1.2093894218618733,0.12164559817162104,1.2823944391515498,-1.6145932718777622,-0.8889917705443594,0.7828675832778251,-0.44524930850151384,-0.5974883950254232,-0.5441131928447567,1.2239629832773595,0.12112327903791642,0.30329013306099917,1.0420115654224518,2.3801890295864263,-0.9262925906928746,-1.5562643716890594,-1.2903100016283404,-1.3711151283181842,0.9600468934916611,0.5975736289011051,0.7629365822686118,-0.579292919357769,-0.844373762700849,-0.33226114603295853,-0.5818883417428141,-1.2197816166099458,-0.007786528375648456,0.6716406558418135,0.43203608460213566,-0.5478878360317668,0.8274204497020853,1.0170548678601172,0.3810235722058069,1.2099976408831106,0.3458722236751103,0.17987287574998917,-0.024105001716783057,-1.100586920733823,-0.04652863385046013,-0.4887307076348324,0.8813774327974715,-0.8228670103045094,1.1720547150567107,-0.7153165985421748,-0.48454081528953113,0.06881484978121011,-0.49209425468833806,1.4101717168881323,-0.2947980991223692,-0.6262657993255686,0.6644480930711439,0.06717332959747147,-0.3804678243342807,0.35666956149760454,-1.6135050279414596,0.046437696777490906,0.08634181494750313
0.46138796946523636,-0.1923536228959407,1.1997625566747512,2.0220388901773205,-4.767443250627121,0.015601003255835322,3.5064267239668663,-1.875557727587052,-0.37311075796227666,1.0152957760853731,-1.0686290368633455,3.577932068997264,-3.756749826433315,3.5516334758459274,0.1406627339773713,0.357294472852007,-2.199743976267096,-1.4499490173729925,2.6709566094465353,-0.6835867310443395,-0.3060876075990882,0.14437149817267592,0.6768193464182005,-0.23859029174185747,0.37217413444965897,1.517289372895004,0.526054018506315,0.17039097179703916,-1.2158259906261546,-3.68049915375797,2.6132139007978066,-0.2596724345615381,-0.3337742712184272,2.2101034312256456,0.7289782842471146,0.1254068478481059,-1.4229322409745078,0.8143846841797933,0.7569653137371142,2.7166158644527973,-1.8940199176348202,3.1606044963270783,0.01055039903678276,-3.3071029989563274,-1.0903497778827294,-0.4602745930157566,0.9936155967805324,-2.308395767582705,-0.8507726653083795,1.0381440361143972,0.04265459523466475,-0.36312372524494896,-0.4478950325587765,-1.606005563715674,-0.14645337707841308,-0.7889813630608307,-0.25003935814137934,1.2288006418527555,-0.540645713782705,2.279422072671524,1.808944726326104,-0.29817285674787264,-2.911258365362561,3.380211009547862,2.286427545628368,-2.488287853690064,0.7115580435952632,-1.0495693162253237,-2.212995168412324,2.3258070577145,-2.489191079036795,3.8859429952161006,-1.36505699221697,2.7327619979509294,0.6442679945547873,-1.830377041176341,-0.1257957330079964,0.022642663598552597,0.29583746623434887,2.8111910525417154,3.558283662381279,3.456143441237786,3.2032702875489845,0.32362737322150564,-0.4905515346439532,-2.017322045278415,-1.5381868364303328,-2.4815899775591923,2.483420496042857,2.22986911067408,1.1387754571780495,-1.724094384358244,-0.7249616789651794,-1.5546348303409543,-1.7588891600902503,-1.667405382802126,2.8655041008146385,0.7903916095237868,0.04659563632156628,-0.5654300797246004,-0.39059922539584047,1.676070662704793,1.4088123901423388,-0.31322707395769744,2.7351736225495564,0.34644415711965626,-0.18991023169481336,0.2573905527397216,-0.5937004143973973,-1.3486480658503703,-2.2830695654490127,-2.187095666551077,0.6789000516075292,1.6255825801709924,1.4795895679442437,-1.3918493682001647,-2.134933749229497,-3.0535292149377735,3.94013860318123,1.6681767549122084,1.1320220054754027,0.4010530431446138,0.3082812664995449,2.3037594331216575,4.042465747690409,-2.845387838658799,1.9154477314805456,1.3874720724691612,2.9659140681351417,0.27514956547266484,-1.4411701524650637,2.4855558951161054,0.7792320240500354,-2.3960893790453355,0.4736600543777404,0.6019750786969799,-1.0111056796705147,-2.08232292755111,-0.04647192976387164,-1.0963257069838768,1.0980202560277943,0.010700654809758042,-1.7193772673746315,-2.720924293472612,-0.22545739583242574,-1.6145932718918277,3.999987826831794,1.8722921952735543,-1.7970260808909955,0.9870539807829539,1.2533367591675082,1.1828452180146478,-2.6843767907579106,-0.2766084216973092,-0.7602111680530407,-2.2550922572892955,-5.2314907055157525,2.045328220858865,3.455183475647968,2.8928706537948656,3.01770068833877,-2.14088931882947,-1.3237472665179872,-1.6056596082981114,1.3473445955288907,1.8506408265875802,0.7692852421380398,1.2906168670176947,2.716102365351965,0.07936627739018362,-1.3876470663121834,-1.0057601706178925,1.190175901253,-1.849826422718885,-2.231942708066232,-0.8911538217948602,-2.6433271237805376,-0.7930120665348541,-0.32446062002997833,0.01921456219592803,2.4158461782984135,0.06292399101082728,1.1546336062541362,-1.9256856202757295,1.8920301683778091,-2.625841368352989,1.5166891483158877,1.0960634759464247,-0.16174435523864075,1.121468412562794,-3.109568195144592,0.6795531459863664,1.3664058969102455,-1.4752616260906806,-0.18379311602593673,0.9313054650668736,-0.8400354625005367,3.6063331133400625,-0.09498789020076995,-0.19570530245648013
0.2484379790252374,-0.08577779208357235,0.6851317360318183,1.1306816722504203,-2.6003805744894817,0.00019159687014575627,1.8908252482793237,-1.035486212754966,-0.17379169948056766,0.579736883250598,-0.5615169857139202,1.9438701843278916,-2.038777636924832,1.8903039789256435,0.10622501385448657,0.19848478224569566,-1.1741368436073822,-0.7553856428075704,1.4483103429275341,-0.4108230765286004,-0.15711087454561204,0.10553781596437417,0.38240246749180906,-0.11285563170648227,0.19021533186203163,0.850496408727105,0.3128883678085974,0.05742052231693466,-0.6515692292672006,-1.997741438172177,1.4024660575527166,-0.13913476911897465,-0.1946742276393932,1.2186309939024487,0.3252859562214455,0.08676406661418382,-0.7645380272914251,0.41242640546253595,0.4372361655716087,1.4745450867955097,-1.0163015534423705,1.6932443379259716,0.03661741555804739,-1.7792849836356734,-0.5817736824859094,-0.22885064262868038,0.5712694866515947,-1.2412418855070901,-0.46357587774365205,0.5695393419047823,0.047973963852968635,-0.19976267633550876,-0.2886081596995613,-0.8721273156567984,-0.05361143838079741,-0.4310092817079445,-0.1301991227134341,0.6473952478137798,-0.3287261478227966,1.2564857867361294,1.0056538322880566,-0.15048216557227545,-1.6047113869649532,1.8447336091382784,1.2643948406322094,-1.3886702604939383,0.3878675809129644,-0.5742587898682184,-1.2149138445149275,1.2116167453390956,-1.3415772288762664,2.1515590848691013,-0.7261369256671704,1.451617525343244,0.34167098746035307,-0.953882714097795,-0.04094904525368372,-0.009594164341537252,0.17062976648439254,1.5066467954686127,1.9175811988600746,1.8492707328149693,1.7456457658987214,0.1618312686187475,-0.32672539323288236,-1.0864376972037317,-0.8408704137114096,-1.3370848602350356,1.3208988648809048,1.2256602388919395,0.6314895715303627,-0.9261130617680381,-0.4250128271624486,-0.8631146037906073,-0.9516451898910779,-0.9309099896204301,1.5462024047178244,0.4262570688580789,0.02677509886661631,-0.2979938416158685,-0.22480507380635634,0.8607132739870658,0.8144551539411806,-0.19061005718924298,1.477893052020083,0.16380788196817414,-0.10518719064285308,0.15788419180193958,-0.34305858302664594,-0.747103747715847,-1.2417881233029189,-1.215839982878415,0.35624587975710825,0.8683863991635135,0.820681465536028,-0.7761647733186758,-1.1458043983539732,-1.667717379353642,2.0924051630453606,0.9137362141203876,0.6109387581465062,0.14841700498926716,0.21408580136493324,1.2376961806037663,2.2212597396453804,-1.5419557358455456,1.016563721389533,0.7356643204966526,1.6283010723674596,0.11874146983214137,-0.7788228557941979,1.3802883833478983,0.4368695523981914,-1.3152371418190434,0.28204125027514654,0.32279373293239155,-0.5558366956030689,-1.1374935221670848,0.02159416245785952,-0.5757877988436231,0.5719627973436943,-0.0007913354248962542,-0.9355745902671486,-1.453654176274228,-0.12421660390426628,-0.8889917705554008,1.8722921952815887,1.5985766035447433,-0.9737517970647119,0.507959486198408,0.6689602973605484,0.6601425272782989,-1.4500956931383027,-0.1372620977157147,-0.38955730979373293,-1.2026124213135547,-2.819635596827616,1.134732746538922,1.8625455209058495,1.5395631227670374,1.6460700273005626,-1.1589979016794016,-0.7344252808790109,-0.8648430210825989,0.704636692387264,0.9726103448552413,0.41447241339368857,0.715888883625884,1.502957664109174,0.010090459805769583,-0.8066776647143593,-0.4968960952977398,0.6435037574775415,-1.0174494136406296,-1.2184636234995785,-0.49233493195718936,-1.4109780122039384,-0.4452899305264421,-0.14155948937998572,0.016665437756725077,1.3104660254975264,0.011297302535494505,0.6024985676735597,-1.0863939811985337,1.017266345479511,-1.4347621512983406,0.8557854881771088,0.6096672160539409,-0.0853001713102923,0.5846040636708179,-1.7073238716059722,0.3801828780658102,0.7023294511799053,-0.7917498334327008,-0.14559384412919898,0.5347957817667208,-0.43107443636250803,1.9486204851776192,-0.053377951904381576,-0.13750810758044602
-0.2457705624860731,0.11632586312468733,-0.6145045105176742,-1.0718078563562667,2.483527132387365,0.008634967183294172,-1.8137430748181813,0.9536047749482024,0.1475971931307696,-0.5427804674129427,0.5536660560932567,-1.8912008984367077,1.966979330782676,-1.8207016938902911,-0.06802865350411597,-0.17403475205905428,1.1147015279603742,0.7654171577775074,-1.40110773368072,0.3314522127558191,0.14454285467133093,-0.07500494365229099,-0.35969995527065624,0.17182757808482463,-0.22088299167249126,-0.8218333344021999,-0.2560264721539377,-0.05210617933772388,0.6298995843879557,1.9143343559454284,-1.341417224802265,0.12782226663223717,0.15060987108580867,-1.1801476767990642,-0.3652944372206356,-0.04813912486534537,0.7617215174297843,-0.4467785699826875,-0.4105571211422074,-1.4206014093178916,0.9816711194700211,-1.6630183722094607,-0.007214831728722129,1.7307226568511087,0.535205819631344,0.2439204463931242,-0.4983611168052725,1.1673637188749502,0.44113434134747426,-0.5745660941664523,-0.04925851388357373,0.1837788231448293,0.24592108088622952,0.8324276939637476,0.0714422958347836,0.4263676006566574,0.08422113485652796,-0.6327849338299797,0.28017844730411395,-1.1915973642283026,-0.9686416328342022,0.16626723605146093,1.5156898983269862,-1.7349043904942738,-1.211336909927282,1.3092254533048497,-0.3829650366655447,0.5519124050594356,1.1668678654852918,-1.2174560114848425,1.2754259521177784,-2.037980981837332,0.6945278817148595,-1.3762219086892773,-0.374825266173292,0.9756977381986369,0.06810512176703616,-0.01933678410834002,-0.18374864872956023,-1.4666614333627346,-1.847411832943165,-1.8308821819094916,-1.6953493884082664,-0.1614627350835594,0.2688821457462367,1.036153171757464,0.8170437750257793,1.2983658186972138,-1.3314121544434552,-1.1493556311214987,-0.5797429564857883,0.8835275049085246,0.3605115941276366,0.817607301200964,0.8879233279817303,0.8289747064394207,-1.4746167334867633,-0.3904662636234622,-0.05343600374053532,0.3082086182479256,0.17701256363035076,-0.878495377446393,-0.7230826209623824,0.16883019558917162,-1.4604260315000868,-0.16464470920844343,0.09209537535797421,-0.12650997997842425,0.29505095278456284,0.7074923463029357,1.2042931269280877,1.1547347124964997,-0.3526680648817182,-0.8370664004427333,-0.7648266796556786,0.7143447689550524,1.0988295148020557,1.5714606685267496,-2.0099850007405147,-0.8792197482417848,-0.6002113215336518,-0.18283428197300802,-0.15916973180592928,-1.1883908240214078,-2.15501594309034,1.5272061713570821,-0.9837094086943898,-0.7460388137369385,-1.560174923910874,-0.12581337185256233,0.7453930387170784,-1.338846898590653,-0.4146341796477523,1.2120221987559185,-0.27870096661680227,-0.2859567860886357,0.5399044566149308,1.0431921971209726,0.0081942107762136,0.6086573616472591,-0.5598226279131823,-0.026926117448746692,0.8796933595321754,1.3922989716266059,0.12380242559869926,0.7828675832873079,-1.7970260808951455,-0.9737517970624724,1.5319629133746144,-0.5089468440429891,-0.6388878261848309,-0.6405905620583554,1.3864763327267717,0.11589593457577187,0.37564989579505337,1.1877225317042508,2.7261433501375714,-1.0684771125725285,-1.7915136145498929,-1.4907727935212371,-1.5619001138692559,1.1118534700037561,0.6771751017138392,0.8287350789036171,-0.6929356767680122,-0.9669538108213285,-0.39496070694000235,-0.6757326124248466,-1.4348173310071677,-0.04642538704250151,0.751537538450195,0.5375491466417983,-0.6223664146732488,0.9540137495081815,1.1547296219816614,0.5099180387466848,1.355081742297262,0.42831833273302333,0.18186089048670798,-0.0029114253134646523,-1.278874931824203,-0.039070678853119434,-0.6246336377440039,1.0124968866865414,-0.9435604035169414,1.371386183699271,-0.7814035073920829,-0.5681944254625789,0.05540889941788121,-0.5607121654063312,1.6349655218635515,-0.4193803642531492,-0.6692605856541067,0.7401180323322301,0.13226156018256657,-0.4725867196993565,0.4337796812411515,-1.8586204404525581,0.03912628096217396,0.11360997710392673
0.09171119490401682,-0.05045986749374025,0.3793943325835179,0.6374061307575322,-1.367181061639663,-0.01925172508407067,1.0082039940515601,-0.5285479592908937,-0.1358942690295082,0.31596439979940266,-0.30134653098491193,1.0212741682235278,-1.0661886634608568,0.9883324187428569,0.04148643849212782,0.0959754275933673,-0.5964141937380494,-0.36381559234190547,0.786864866026314,-0.2077374001078183,-0.09422506427371063,0.012829131089246791,0.2151873952501578,-0.05486467306644645,0.08994545784458713,0.45719723491934744,0.1401938037789145,0.021219244764188613,-0.33777524868443,-1.0347784380792016,0.7336960957822316,-0.037489491556990946,-0.08523922547320724,0.6171416862244854,0.12821403252133556,0.00575320380965709,-0.44246799281528004,0.21684384480594152,0.2095908646957626,0.7996641448815301,-0.5411841021575038,0.9050053868062755,0.005483425371725671,-0.9500212521873064,-0.3261368792804927,-0.11958755828569609,0.2896690687999857,-0.6639517369905279,-0.2642568427674551,0.3104812631367408,0.02074966337522615,-0.08342306571422384,-0.10613625520400732,-0.42875143732787724,-0.034280404081274515,-0.235384982195143,-0.05190745566769269,0.3513275520328626,-0.16369313936501553,0.6188681369926357,0.48226637133811917,-0.06416796006114743,-0.8665648027891454,0.9313123229878211,0.6890017626482946,-0.6963288001272925,0.20602240630741153,-0.31847610892968947,-0.6068883615190568,0.6506005995717918,-0.7443484631876789,1.1082197871419794,-0.4442716522441975,0.792111100619604,0.1882850684575372,-0.5175970595184827,-0.02580124591444596,-0.03930080633249447,0.07743175673730583,0.8205022333313893,1.0366355350730614,1.002571829869323,0.8996239501122363,0.08691233144978402,-0.12932284901522378,-0.5927755028275953,-0.43988456753138694,-0.709937354167266,0.6962583970692647,0.5958486351326724,0.3444951235372153,-0.49923099299404916,-0.20740183756084984,-0.4033496832614022,-0.47511167214927486,-0.49872164076930015,0.7838817017379832,0.1951879181056061,0.05281645364783941,-0.206225652430155,-0.10073210328426527,0.5155439952569754,0.42995273222248265,-0.07526678523278449,0.7344352104235105,0.10756782529820666,-0.00798225556973435,0.06297130656106836,-0.14928293794446085,-0.3700285729261571,-0.6400054883511892,-0.6077302393247037,0.1910782415787857,0.4565336790629424,0.40930128188599235,-0.40263946374839105,-0.60848585702751,-0.868119809598813,1.1080695062112549,0.4770085391662569,0.3274484251630297,0.09058187463148196,0.0991112653973589,0.6608211305983782,1.1865174362034503,-0.7719962896170656,0.5537440571095027,0.3867488355814778,0.8321638224918403,0.026937168666300984,-0.44080560782296097,0.7195097390362515,0.2110538659074276,-0.6499288095473608,0.15719121806329228,0.17999708667526293,-0.293643229832415,-0.5711861759629285,-0.013788559589502633,-0.31863853583714596,0.34668935171980486,0.0029216510637480146,-0.47829257543967624,-0.7618980222086246,-0.09271315605623713,-0.4452493085031952,0.987053980777825,0.5079594861934524,-0.5089468440391259,0.7951002372073326,0.367800488412543,0.3550909361657115,-0.7475860840807677,-0.11302489501531575,-0.20443714202246802,-0.6579447100723018,-1.4953711219441577,0.5676851523762911,0.9884927207844898,0.7886904542233746,0.8379899462510771,-0.6136840741824264,-0.36935462712733313,-0.44410285118285087,0.3852184101082865,0.5090007632712003,0.20874547831015436,0.40084428716423504,0.7820143633463247,-0.0073997862979617145,-0.4362670696738997,-0.28640825750828675,0.3382098142333884,-0.5002605768861793,-0.6653284772677596,-0.2678456276462642,-0.7458399996188416,-0.2098615411566513,-0.11688779250735389,-0.02720300809873826,0.7022349843373115,0.03507317864529794,0.33256664545366416,-0.5391318472861796,0.5230821942413345,-0.7559319192031764,0.4269168919130842,0.2782717759432371,-0.03859225442374558,0.3058595281645573,-0.8808632583559873,0.1898129345128118,0.33600702462797216,-0.4064790191386763,-0.0542826297669043,0.2679166765054567,-0.2605934314084573,1.0233056275507448,-0.039945317240519085,-0.06629443033083865
0.18685168536562663,-0.06585756832961837,0.4669672172194238,0.7743724176159522,-1.7583077075784745,0.05103250437270724,1.2814470351715275,-0.6826124659123275,-0.12683822804215864,0.3783725359954434,-0.35167188343901523,1.297498655610949,-1.414885378309911,1.283232394051988,0.04510717591450329,0.1298367695450347,-0.7978713850428889,-0.4951986298305808,0.9631045225813407,-0.22504180971228488,-0.137093500950563,0.03087127110187273,0.26347484929796733,-0.044759056853990925,0.11653170471834548,0.6080868370609671,0.19237415010747175,0.09158170404196027,-0.4205565412736947,-1.3603076274325003,0.9495338359277053,-0.12536075190186938,-0.05651185485549572,0.7998239240925411,0.2476470456041302,0.03561948141807785,-0.5242708585331038,0.29191715701431475,0.2804042270148589,0.9566294140329898,-0.6747225685743078,1.1753276312046497,0.012146596939765282,-1.2104150529888305,-0.4212334118612949,-0.1187930553471526,0.3151856519629629,-0.8066812398178935,-0.2960068814372268,0.3908619497154307,0.025209613284024636,-0.16013514529766207,-0.1717234894261446,-0.5461287809294292,-0.05156876837418659,-0.33032000511772647,-0.11363056600404113,0.4808740784418213,-0.17631846986041944,0.8218764688591663,0.650680880427452,-0.09663638222749417,-1.048826393717217,1.2248730785130295,0.8094177382015728,-0.9473359870269803,0.2371458842212467,-0.37683002213933425,-0.8418242215355952,0.8463197942770937,-0.8946812973470223,1.4421672238508159,-0.5110479514237016,1.0202870812550036,0.23996315731669648,-0.6707941440015825,-0.05705529323507662,-0.02569877753695931,0.09668700950008083,1.029627036956999,1.2844226883767895,1.2865413731479687,1.1803153155802515,0.142106028838508,-0.18315621698947704,-0.7489467385116694,-0.5596966939106165,-0.9110828341888095,0.8854631144934811,0.7698248418562195,0.4011837134454045,-0.6355183724790255,-0.24464464763345395,-0.5453134769578036,-0.6474064623231847,-0.6406267120801352,1.0606430820090078,0.312549802013776,0.03097031955644456,-0.19778786987079766,-0.13652970244883855,0.6159887365301872,0.5033219281087696,-0.13123955440203358,0.9995019690246173,0.1276546404785539,-0.06812084747924692,0.10498230168968682,-0.23533713905965511,-0.48291087726632365,-0.8249228846164445,-0.7918671314872232,0.25028549295913766,0.5794815604218265,0.49128775898576993,-0.48489626654931506,-0.7630339812072419,-1.1454353430030666,1.3725163486169762,0.5628937531372575,0.425094318233395,0.13744277638347036,0.11754158553969442,0.8216692554053764,1.4585128788131185,-1.02590438402054,0.7008528060458895,0.48057559800835,1.0769998561925171,0.09237406605636088,-0.5282069014360709,0.914523233089455,0.2820100772379117,-0.8251888339096304,0.17398816449012736,0.21948263867051312,-0.3525331949559674,-0.7492957068869148,0.008944495828271386,-0.4222440526473331,0.41808213489100005,0.009884860761591154,-0.6461692020871009,-1.0063688085539082,-0.06295805279560752,-0.5974883950283264,1.2533367591631233,0.6689602973554792,-0.6388878261811115,0.36780048841307844,0.9402922645098118,0.4329830989866143,-1.0079817568687814,-0.10128771773635421,-0.2953656315519527,-0.8005628708431713,-1.8959486611667469,0.7812960518933293,1.2624538676634314,1.07925302081253,1.089783855867887,-0.7551594664886895,-0.4468991883833836,-0.589982380538252,0.4682213307406512,0.6807462557584852,0.26400420607060937,0.47156202886232995,1.0029803927838727,0.0006362075790651966,-0.5225346508513963,-0.36381138450523276,0.43189020016352486,-0.689681673278866,-0.831088553923759,-0.3241971313452634,-0.9877901842916365,-0.2920734210460955,-0.16865664680387715,0.040613372761194935,0.8959601183940962,-0.011691130256138271,0.36187626622992997,-0.6759525146816018,0.6358051724568005,-0.9705307076351007,0.5869347096736857,0.3992708677414282,-0.06548128965784579,0.39595304598875414,-1.1658897215171204,0.28725363377756696,0.48301636493736116,-0.5260948764014944,-0.05543925709470225,0.32326300490073984,-0.3060775093023213,1.311202268692912,-0.05828903631647549,-0.06466210362215527
0.1905137511293112,-0.09047540705097795,0.40423471117712184,0.667880595246268,-1.6146738061403054,0.002599679580935886,1.1771253814097857,-0.5885142668061002,-0.1311067678473434,0.36789952987986496,-0.3520043877934129,1.201400493275619,-1.2521641568162056,1.1647680922953354,0.03839131351212486,0.11097894797155496,-0.7474520569831349,-0.4836927321638983,0.8837251665125263,-0.22293949783261496,-0.1140516479953609,0.05134250839082972,0.23450085663166761,-0.10933497346801212,0.10486063495543267,0.5113452481985699,0.16122997879945508,0.08162212023497337,-0.42817663796595334,-1.2480496503722727,0.8799473383721883,-0.0767237859940642,-0.1074836015616374,0.7460700561983618,0.22119656030951995,-0.033990332020798666,-0.47533710994226064,0.25115866110947366,0.2585535971134507,0.9135433194389293,-0.6330295451650646,1.084102071169177,0.016703531505471002,-1.1160514439653677,-0.41417705054290255,-0.14315083020077948,0.3449536982864483,-0.7704512226227789,-0.2665640477636394,0.3546693019127292,0.0300331713478487,-0.1389030997345145,-0.1629960552113549,-0.5216217149043407,-0.011418736725470963,-0.2699273293600477,-0.08058113505527677,0.40127736663933855,-0.17559255887740602,0.7739198942674541,0.6477362752790032,-0.08117706372248389,-1.0031106552099311,1.141344932094892,0.7852087281043437,-0.8925692619029016,0.284655096608311,-0.3632910218446497,-0.7300820943528198,0.7857108975311644,-0.8236251033575531,1.3056215921853094,-0.47492486169969034,0.8876401017461037,0.22457547693467347,-0.5959392519635385,-0.054609743111375286,0.0006956009935041568,0.12397224317939977,0.9554012466788743,1.1868834880575991,1.1736784999637944,1.0207877668776824,0.11012649480712793,-0.20527869756006203,-0.7019798430924868,-0.5329782749438319,-0.7728645600430362,0.8629057407460201,0.7474090365514545,0.39289183812413947,-0.5649243836777553,-0.22776763146809378,-0.518576579872888,-0.5453233287114032,-0.5761423955107683,0.9420943242885521,0.2803327468647449,0.027654924717608824,-0.2077479235405119,-0.11754488368813937,0.5520985160619818,0.5109679241929509,-0.11544194115794762,0.9321073126330593,0.12251651511678402,-0.033129257541612,0.10582388268801193,-0.218144777156205,-0.4709191944174208,-0.7788519744044843,-0.7937498362276643,0.22547760729790936,0.5170354462795015,0.4706945374771401,-0.4527210383843678,-0.7130526543151355,-1.0676150040159291,1.2803500943375854,0.5392933435545126,0.4189707332437091,0.12276494026959048,0.11068220613864864,0.7349256668282141,1.3665668281691332,-0.9649851959433122,0.6596203878306937,0.5210173717205417,0.9833000957793119,0.11560358768449186,-0.49154006688746543,0.8807135559745474,0.2642630788999011,-0.8184235775271246,0.1812589988994548,0.1693013765449101,-0.3260279117301168,-0.7052240112854989,-0.020402014974963394,-0.3888805198489319,0.3794173236674075,0.022727567236078897,-0.5836235249836693,-0.9183844738094313,-0.09444536978795882,-0.5441131928526869,1.1828452180227007,0.6601425272801668,-0.6405905620614125,0.35509093616960247,0.43298309899077375,0.9285296155302258,-0.9356265654697951,-0.08598315637148984,-0.24508635664579972,-0.7790812653644418,-1.7700455288094061,0.6849255572856897,1.1858697301538552,0.9462419618808935,1.0057130357292634,-0.7442404996246332,-0.4520407528024989,-0.5445907352535906,0.4572364659750948,0.6517698184991308,0.28020078420370076,0.4440371195006864,0.8641324277511451,0.015831780513809676,-0.46979163462318274,-0.3335007779865458,0.4143239924240458,-0.6106437242886029,-0.8005840939733304,-0.3323780896258958,-0.9077774404026376,-0.2740234408617606,-0.10938262066956035,0.02890700776867753,0.8359721841626001,0.018098770481724556,0.3947369765515868,-0.679187773855396,0.6313644868993817,-0.8675325850205113,0.47575638302247414,0.3498905423233102,-0.0276488363535469,0.37484874997759077,-1.0536264517710974,0.21307041175973926,0.4369200002893024,-0.5031090092385534,-0.09432405348782358,0.2974625407874687,-0.2571118495809932,1.2462441601911258,-0.006818715191727529,-0.07156162112421048
-0.3605013026648425,0.10800672314585875,-0.9372933171503579,-1.5875581096383222,3.6535340297437187,-0.02934513643054825,-2.697610333744726,1.4537703790903347,0.2385650788486633,-0.7867687920910856,0.7874038052452795,-2.765552436668275,2.903319849576381,-2.702836849939698,-0.11432280987733034,-0.27948094545741975,1.6343017322566622,1.0749236773874318,-2.048599047186612,0.5209186747143975,0.22824494505532336,-0.12106384316519224,-0.5522510284512645,0.220843155742114,-0.2776550173927254,-1.1655291937592707,-0.41343399500349803,-0.07853775117113078,0.9345897679517522,2.8246133736586594,-2.047463399504309,0.13128039653375567,0.22062087634288885,-1.7408292369032463,-0.4884223879126491,-0.07920574019711071,1.1055626887103074,-0.6780974571374355,-0.6057947344490788,-2.0803012038983875,1.4530200402562559,-2.452667321173176,-0.013622845518576177,2.540424765987148,0.8479046800763281,0.3316981087274238,-0.794101617087044,1.7323222374154785,0.6167742155495057,-0.8376136507541504,-0.031165330919251444,0.2939417557280184,0.31696537808277275,1.217548545866701,0.0750211607131051,0.6063851099367827,0.21149215161762244,-0.9540137690177235,0.4102733168294296,-1.759939070785681,-1.4373483170350225,0.22890735803681894,2.2449294199205068,-2.617099502286446,-1.7504281800326922,1.9634724824444167,-0.5857387488646547,0.7983460850621034,1.679522982737156,-1.778342778281078,1.901895850791805,-3.0056042547634316,1.0537725415050314,-2.130923500888502,-0.5001670628082788,1.3935428230498645,0.10463382065180471,-0.0028225968725490175,-0.2525744984002731,-2.1884008272714808,-2.7513638972310446,-2.6751961797961243,-2.4545102047206937,-0.21815996689370387,0.3936509505144168,1.5911803828244757,1.2288632134521005,1.8915224236820911,-1.8746834694584738,-1.6999741887319613,-0.8807455089763085,1.3170582479828066,0.5684957370732795,1.1575146558035994,1.3636696320171824,1.3212622144113275,-2.175324907082404,-0.6048922596889607,-0.036984452645597285,0.42802319836516933,0.2855444267343743,-1.3132593792171026,-1.0847068664577901,0.27567327977994827,-2.103212403221179,-0.26034290216609446,0.13046953320146765,-0.2316487551523656,0.4619559749184727,1.046792112731096,1.7378331539706469,1.6946294121258911,-0.4953622206267575,-1.2020376565375412,-1.1125583356736053,1.0430086115681338,1.685312849691424,2.356643449638332,-3.0106519875316198,-1.276672630343633,-0.8587780843384303,-0.2922089363083488,-0.23297597145432197,-1.7811890396901675,-3.1654923376506696,2.1836982138151737,-1.5002105867777384,-1.0676496606112957,-2.258326300672391,-0.17642677744816704,1.0848196670081005,-1.935430684482618,-0.5884209659070937,1.8502725040853107,-0.36186312850409647,-0.4657617615229561,0.79287758920727,1.5473769457504432,0.007349514811541093,0.842142002603161,-0.8437000592916102,-0.04104952469258348,1.3466514736102764,2.0704425116480643,0.15821487416091679,1.2239629832872374,-2.6843767907550777,-1.4500956931303748,1.3864763327218876,-0.7475860840839983,-1.0079817568712617,-0.9356265654625202,2.678360522279044,0.21230717235420526,0.594850294801781,1.7581574697025832,4.0647298384194706,-1.5951643075088477,-2.6692151407631695,-2.210134541139102,-2.330518381396215,1.6795164918895829,1.033563160153906,1.2336202480983418,-1.0251764983442504,-1.4126962095784572,-0.5888619544811289,-0.9945839895216598,-2.0811628371125392,-0.04247687109127626,1.110087732201821,0.7756704820600405,-0.9311741018246426,1.4280919700484962,1.716262416228294,0.6973754062612659,2.024144465123352,0.5992769741038125,0.24226452033309026,0.003212688103041747,-1.8722552799344343,-0.06969124151061087,-0.8742009031684954,1.508943352806651,-1.4663081914737535,2.0035627572559838,-1.1713934578607335,-0.8807713081423604,0.11307849818930699,-0.8430079041662285,2.413658197289629,-0.5348383057637177,-1.0514230121100565,1.1082160407943527,0.17577072219366788,-0.655872752612772,0.6119894843807439,-2.7955084988274135,0.08167624458677697,0.15579302733355896
-0.05282245240875348,0.03090201599646463,-0.11751555618154082,-0.15870913002978088,0.3432839584747552,-0.0022575875989634064,-0.3162779148756482,0.12660349787069997,0.05057089682608741,-0.07606585686488031,0.07471502332004919,-0.2728075002887439,0.2903770482789478,-0.2671799876183619,0.019487120175896804,-0.03425330061654338,0.15767075949987727,0.09803631122607134,-0.2014979155323123,0.05701465286028669,-0.0056927486608521335,-0.027674632712868397,-0.0577843774490066,-0.00766912923019269,-0.03204085994819321,-0.1057050462050065,-0.04317098552325028,-0.02438717744827022,0.08709135645317895,0.29327191391319596,-0.17734137024073693,0.02478446055403919,0.021456256171657202,-0.181265085228377,-0.038445940775662456,0.013250857924770994,0.10220414636124604,-0.08246098649320982,-0.07549057921580576,-0.20318687486994114,0.13788795044197072,-0.2535361449336787,-0.015694491143521852,0.254828697098055,0.056554269268902606,0.053544528673401426,-0.08180931560944654,0.1360094212855027,0.07453494897341015,-0.0673850690722893,-0.014380971334277681,0.05160906970403466,0.032675204666846355,0.10423190360616807,0.011249892724109492,0.09014287526263225,0.0029904589815628203,-0.07812965694112298,0.012486019507003055,-0.18255159044121175,-0.11800938293511115,-0.00020364962345204018,0.18734279143859797,-0.2997821295591156,-0.18045298265260767,0.19302752088698552,-0.02479753987352684,0.08698444959505029,0.203870820259026,-0.14388418636286776,0.2034195271419739,-0.32029977181737807,0.1167885303574497,-0.2160452319566087,-0.046341721885083134,0.139386214123776,-0.011357705238818315,0.018676151858108,-0.049496224876892134,-0.21891319889670044,-0.2760463371226217,-0.22854732460038246,-0.24405553348598566,-0.06881066741442127,0.029226372726212865,0.16013159446659184,0.10540861356381223,0.21070925969886328,-0.18698886491192498,-0.16469013555547102,-0.1026738538835357,0.13491999875458877,0.046418006155413305,0.12376239715039493,0.12524633047688485,0.13130349062299188,-0.25835025512687376,-0.05511637827040557,-0.022079777435361027,0.059336411795157994,0.020941418230378112,-0.1352419571198553,-0.141942685358113,0.003994830486541531,-0.22124739830952989,-0.019825063954078903,0.031975325770735696,0.012462553629173204,-0.0007549720738331163,0.08052319785098862,0.17051740503961402,0.18701475093811215,-0.03669845915483565,-0.12859226316395744,-0.12583481627458526,0.11176910266393715,0.13157245323163727,0.22081060470972252,-0.31909245867258745,-0.13772766618582416,-0.08885091558134892,-0.012854747578830652,-0.024820764096519312,-0.176684493683979,-0.30283068663160206,0.1988182821553936,-0.15065806618499672,-0.11139058702624362,-0.25559238354163627,-0.040591294475566905,0.12248121804394499,-0.20075864659132178,-0.056887369614466915,0.16999852122080752,-0.051565451428766895,-0.06989474466593956,0.06374859207808642,0.12957467046329874,0.008610193257699718,0.11479194448038124,-0.09498905465308627,0.02516904987303477,0.1381282363658535,0.19806355638236103,0.023537242625052385,0.12112327904153783,-0.27660842170313177,-0.13726209771827302,0.1158959345786705,-0.11302489501740208,-0.10128771773865972,-0.08598315637260547,0.21230717235908794,0.5510557495994602,0.028051583594045335,0.19927247147243587,0.40211064008560654,-0.1595073563547377,-0.2577652523222249,-0.18598007374943554,-0.21409421107165938,0.1806104433873927,0.12302284285497667,0.10171842115584846,-0.06060410388074877,-0.16677798987921316,-0.08674215474372382,-0.11287384483665837,-0.2379035366324361,0.01702610468533977,0.11815102317100995,0.06383857780862982,-0.08738956519251764,0.1558529156070289,0.16748444625453487,0.09345016198256884,0.20088439981877484,0.029496091298999084,0.021433136578530097,0.024166967756605432,-0.14789317768065388,0.030564353162837822,-0.07393855261532425,0.16817365996608072,-0.14887200770672124,0.21056558721206536,-0.08548141514807753,-0.11674597720882057,-0.017500464629885613,-0.10111812637203219,0.253128335738197,-0.07119233018792555,-0.10149696467337786,0.12316921681975715,0.04536293519766289,-0.04693280426763429,0.07255987890804981,-0.2537011185433828,-0.03833498829861574,0.03272987011531003
-0.10672675065399638,0.02526300380657874,-0.22629113022286548,-0.415913468718749,1.0025650411697582,-0.02847363028429608,-0.7796563845787501,0.36449513213579104,0.05734356432286053,-0.23471501274251547,0.22525521841900423,-0.7679383874692641,0.8231630304278555,-0.7842111151117903,-0.04848014614202127,-0.08196525927958184,0.48371675274816545,0.28162334892955065,-0.5704738608915819,0.11056909886140957,0.059848719768437156,-0.04812467395312962,-0.12154411881411492,0.07549525048269996,-0.11645474552037359,-0.35454657304748427,-0.08929297357923069,-0.0521566723343965,0.2255675369675586,0.7629016009667308,-0.5667652655028275,0.05215763421300479,0.09058676232979644,-0.5031908069462434,-0.142266343283627,-0.0292887097691199,0.3025421691612874,-0.17496832541562127,-0.12806122096401962,-0.5675178895179253,0.4102281777000651,-0.6805368950192108,-0.034957827449765215,0.691126803254934,0.22717624858994928,0.08662550364428331,-0.22115726502290725,0.4790434783562198,0.15437140008074013,-0.2598178600907848,0.016778348642865697,0.04849768553863681,0.12911052349400387,0.3026381158917805,0.021194934232061625,0.18814464953150453,0.02077856485137451,-0.2866853448382888,0.12631975478603258,-0.4722116396220041,-0.3955099114505774,0.016722790927106206,0.6306701478992425,-0.709377218639907,-0.4831447217211299,0.5265620210774797,-0.16091090999845648,0.2152259589788186,0.45011942910583225,-0.4739214224200501,0.5448438873467343,-0.8289620685515692,0.2962979218052871,-0.564948933358417,-0.1395242676551356,0.3324321771590292,0.05429253228861364,-0.0022058564814705205,-0.04607794393017209,-0.6085481732236777,-0.7784101972635638,-0.731372112390511,-0.7032944644150556,-0.05600627119538247,0.09618732367829488,0.38929573311230087,0.31314393326127565,0.5237334229499188,-0.5338300410011583,-0.44362338220301073,-0.2210954842106489,0.36160842272361876,0.1571727101417941,0.31391622914892287,0.3504365822670297,0.34183554282899564,-0.571925703074112,-0.1334583710167092,-0.002316808585727668,0.1290154821179468,0.11318750312731957,-0.3360059310704752,-0.297707728813077,0.053477150026294544,-0.5561266616213332,-0.07116631525043801,0.030790095760715314,-0.056297639084501555,0.10577221585798957,0.293831657766528,0.47230874023955927,0.4891961838347877,-0.17359804402727158,-0.3172007045523826,-0.30790178332769,0.28976147404332203,0.4552800053985693,0.66508662633512,-0.825272151246826,-0.347924571076437,-0.2162893757696145,-0.06367196858091446,-0.0564620041020166,-0.4473255981634571,-0.8316413356023209,0.62821072282573,-0.39997120858059365,-0.33586990506015124,-0.6116879950247295,-0.0519433859187758,0.27676799243255,-0.5163788316847846,-0.14923892168728803,0.49998816246011224,-0.11895701753733709,-0.10618793154611691,0.2354545508462736,0.4662355976908292,0.009758247790624374,0.21190012256726135,-0.19205823310247272,-0.0031320751465368224,0.38096095371777466,0.5617204792940054,0.05488882287225824,0.30329013306743324,-0.7602111680597091,-0.3895573097953275,0.37564989579758973,-0.20443714202569543,-0.29536563155534096,-0.245086356645953,0.5948502948077717,0.028051583593144847,0.7404373836968112,0.4778998832077645,1.1023256691791483,-0.44497993136339203,-0.6966990060950307,-0.5950363053569547,-0.6322777024461084,0.4454446845425977,0.26889320756462515,0.32653600762558554,-0.29156882168419307,-0.37837647093668203,-0.15548128040953577,-0.27117238840940133,-0.5685637334650755,0.004358830507052031,0.31385735462750436,0.18817387057321072,-0.2675452239515077,0.4059948896098816,0.45435453959775257,0.2256529247077831,0.5428742254769171,0.14950016164580288,0.11563666479393467,0.006763906454076447,-0.5032165436977066,-0.020996863757144782,-0.1991651172291531,0.40222982494728104,-0.38747093491246004,0.551156555070886,-0.3204204628901744,-0.25484306265431633,-0.01267186732874737,-0.25606130725465776,0.6706372501889739,-0.17228592849133081,-0.2761908091019317,0.3132192712282043,0.0429533534174589,-0.20302090971674364,0.1368950254254782,-0.7530114687007239,0.0027177086900462347,0.027755753303813226
-0.32005257122482766,0.1297855265732889,-0.7687252334034153,-1.326255723542588,3.0968030725664364,-0.03463202116867373,-2.246884773138724,1.2216598986555378,0.26215955098000543,-0.6604899268437758,0.6874101834564637,-2.320998464643679,2.4639282033231056,-2.285668374991205,-0.08338227554867518,-0.22929798526409195,1.4029854226270093,0.9342648902308993,-1.7451221466253903,0.4604616806707433,0.19926770816438757,-0.11640902004370626,-0.44802662715525127,0.14128712574094698,-0.24475943638508646,-0.9899366587200082,-0.31955589638766435,-0.05156960354618824,0.7816829675761363,2.4045812971340697,-1.7004408723359943,0.1373260478051617,0.20968905243306896,-1.4598236371350535,-0.4258052538691273,-0.06175596148241967,0.91202404282212,-0.5674814705141691,-0.5035880261526585,-1.7416566943678602,1.2068298931707515,-2.083940421149811,-0.037894853462259306,2.1152866873152076,0.6764690496542707,0.3138005920152337,-0.6229700934446458,1.4726280724397012,0.5659336895715912,-0.7216993548131317,-0.04576228418374326,0.2587368647976168,0.33336737476311445,1.0351895880116442,0.06406954498692984,0.5102874972271795,0.15597583530768683,-0.7740078230542827,0.3082526654833803,-1.5055903817530067,-1.1835535583226304,0.20838398989594029,1.8909114418319837,-2.203487806480349,-1.5159618269838584,1.638255455296691,-0.46411593050148864,0.6627216242025826,1.4463165299663057,-1.4975659285216556,1.6281270141424788,-2.5051411950386857,0.8542533833247283,-1.793956526332003,-0.43968596889392775,1.1728335412520066,0.07323356514532922,-0.023294586828123673,-0.17654291642624031,-1.8359873002308607,-2.311933639252068,-2.279301845116732,-2.042132161235461,-0.18135305385473113,0.34926990016909454,1.290928775222767,0.982184414473546,1.6047055897064182,-1.6067200148376504,-1.4270599748435424,-0.739791727616997,1.1243553693981851,0.4870565703035206,0.9723727993436746,1.1452295764083198,1.0973585431286232,-1.8652770762229909,-0.4892685188946152,-0.07026211828940818,0.35933712813462465,0.25640661037987644,-1.0889075177545284,-0.9340930445514134,0.22980849437520995,-1.7876895351150317,-0.26019803588913826,0.14081812252363587,-0.17583273675097205,0.3713171591384522,0.8776547270520403,1.5016726751366936,1.4261011212781212,-0.41307755942107627,-1.0116831745737425,-0.953264839225352,0.9116135660061793,1.4165433080695993,1.9778395112192468,-2.5943388892837147,-1.0910250931373893,-0.7747304003925947,-0.2141707461727992,-0.22904513252423006,-1.479449659656797,-2.6309875614762297,1.8368555442658625,-1.2402391269459967,-0.9054589023095067,-1.9040192153771331,-0.19579092953575872,0.9542972388330676,-1.6488428217117408,-0.49148336605940074,1.5587165463748576,-0.3305309795793368,-0.39225981636268736,0.6433619345310991,1.3634998624746233,0.015493519904230965,0.7119659665180184,-0.7305622750564048,-0.0465710629155253,1.110144899091826,1.7710398182050884,0.15323876542345105,1.0420115654288549,-2.2550922572837044,-1.202612421305455,1.1877225316985949,-0.6579447100738715,-0.8005628708439714,-0.7790812653576145,1.7581574696999882,0.199272471468293,0.4778998832021822,2.0215961695559947,3.3877131203731277,-1.3956094206689997,-2.2764311615355592,-1.8745909280256572,-1.9825121764418798,1.3990515278508318,0.8506610093205103,1.068195123667812,-0.9136702313077677,-1.1882338170620095,-0.515674288111517,-0.8412176566938206,-1.7811411436120987,-0.04550845812469361,0.9178907443309443,0.6400220916701471,-0.8085403865350788,1.1732487780250112,1.4410469744975962,0.5647624490511706,1.7174736510458706,0.49708513499559626,0.257256964574479,-0.02381127608042652,-1.5962360768141473,-0.0472697745820482,-0.7754535426579029,1.2485270509131836,-1.1935348823184033,1.6987999416775565,-0.9708207922764805,-0.7223223245010594,0.08049567806820641,-0.7644849023685688,2.062653442968433,-0.4754412288026047,-0.8620525305466794,0.929190763282638,0.14990568395835588,-0.5972565075647227,0.5407074382353039,-2.3493530466097408,0.0794515207381595,0.15982512205925567
-0.693919302757286,0.2576855167481233,-1.7763786726779305,-3.044777708194132,7.153874791613057,-0.07598122658351407,-5.244914479162062,2.7715535818345383,0.516240890928082,-1.57797175242418,1.577790497963788,-5.355432666101691,5.59163910784129,-5.236175134950368,-0.20629135204675167,-0.5117893981884782,3.2759339270155876,2.085821760254982,-4.011678584342079,1.0418245897975922,0.4254294015611701,-0.24740850862653635,-1.0266306799911025,0.3836965016945425,-0.5827237195616368,-2.2671400930141115,-0.7652273632146612,-0.20594491704335813,1.8066790906694834,5.482396254123901,-3.9020570462039124,0.336528331424001,0.48880026393286513,-3.3032000997749087,-1.0099889112780973,-0.1368438690799631,2.116969502248884,-1.2475874224097658,-1.1856387557719494,-4.05278675200094,2.865156851744642,-4.800348289875199,-0.027739568099511752,4.920449524392151,1.5904368562096005,0.6527776817897324,-1.5096657330688736,3.3962096169023663,1.2790717043850186,-1.6402192441521757,-0.06708930483306444,0.5973913812232314,0.7144622788852423,2.3451016048485758,0.16712688097481485,1.1552698734051123,0.3869555966123594,-1.7927190637034107,0.7519628216641804,-3.4286105476384194,-2.7762402124116474,0.392418862367132,4.343128426817305,-5.020455705296452,-3.4428190143555755,3.7644576562615537,-1.0832613236718551,1.541715014540999,3.2858685427514875,-3.4724477659378232,3.7252314646730644,-5.865810992741247,2.0420663503567362,-4.078404307781766,-0.9790081897945174,2.6717047270233296,0.15706654643861784,0.016257106114150627,-0.509688682876723,-4.222738156851637,-5.363727197418728,-5.21418154890716,-4.7693129590941,-0.43405905252514587,0.8137289184632492,3.0057843403541487,2.317056746068995,3.6933755263610917,-3.697927976649502,-3.349279762326226,-1.7132990122160687,2.575126553321279,1.1129423239039025,2.305306456996941,2.6665246018975775,2.5163086869058446,-4.2468648189404385,-1.1745103022021501,-0.0843280470885851,0.8391942975236957,0.5908948053514405,-2.4954669099957374,-2.1432125767779526,0.5320765960361159,-4.079600050110377,-0.5219704277529167,0.23702686511044738,-0.4091275183708209,0.8823399824221894,2.0206780701037337,3.433530227197553,3.2913303568556334,-1.0029021149026551,-2.3733958546513927,-2.2496714241678477,2.1070141139151746,3.1501431833635167,4.547795529806657,-5.88544655752077,-2.440387483878273,-1.729785182859854,-0.5775209354457742,-0.48159428900139106,-3.427383545404978,-6.068626613876556,4.252734876153138,-2.8300505756608203,-2.0867206441659514,-4.377962180906252,-0.38826869433237576,2.1711475551709336,-3.7760300136074614,-1.1905913644627626,3.576621910790031,-0.7429628805475881,-0.9081010015729475,1.5383410639869182,3.086237199748884,0.0826292804904982,1.5824974526654072,-1.6393697784663819,-0.05459677506377621,2.5662630890238773,4.0593093253234755,0.36670005297134983,2.3801890296041557,-5.231490705507562,-2.8196355968109437,2.7261433501268444,-1.4953711219494963,-1.8959486611705048,-1.7700455287948058,4.0647298384173,0.4021106400760809,1.102325669167152,3.387713120376425,8.411362814469888,-3.1051020547954713,-5.2252883326160084,-4.288905463838731,-4.487678558228476,3.2263338494491607,2.003616144688463,2.353307378788495,-1.9841501118997091,-2.753320717400875,-1.1315144051414951,-1.9556036506986265,-4.029426539307941,-0.016866295424073426,2.096650397739348,1.4436957376295556,-1.8154824791720026,2.76608536811909,3.355989027019579,1.3693084458427676,3.988220472480776,1.1621109694298246,0.5054354338728737,-0.0227853708133936,-3.588291954147041,-0.12175821093443903,-1.678064912065528,2.8876835142946145,-2.773436197806608,3.8832595419274156,-2.304494374658209,-1.627291430817638,0.16986495002049876,-1.6759870923532072,4.686748552749384,-1.0318484177320084,-1.9226434342107779,2.1687165078721105,0.27491868530982355,-1.387822865755239,1.2176597715120512,-5.349916712015154,0.14616351790171367,0.2708372170435313
0.25214709281311515,-0.14655968086586907,0.6887161486461668,1.199016853256663,-2.8156711877234497,0.011592891937582105,2.0776762775457933,-1.112805595274391,-0.18252443758327033,0.6240687038216783,-0.6048401909343827,2.096178352318762,-2.194565112746935,2.068384818771058,0.07158256054205679,0.1912187173718722,-1.2926913276762648,-0.8272356151025312,1.552948236933701,-0.3984267472380071,-0.1502826612359673,0.10780567719128267,0.4152327560612401,-0.13673357894529936,0.2518009013293701,0.8649608421612827,0.303993001868656,0.05227576512202563,-0.7342242237070721,-2.178891067771606,1.5540716726591925,-0.13299432647239273,-0.19884038020051492,1.3080976867238436,0.38387101562556447,0.08353847825132249,-0.8685615580489909,0.4730313247030848,0.48291831405487773,1.5718545728598474,-1.1090555965092754,1.87999850811055,-0.016467064724558944,-1.933194922316741,-0.6335676287621943,-0.27047866255022857,0.610893461353939,-1.375837357917514,-0.5175663890994338,0.620973422309821,0.036307474584385005,-0.2282940860609481,-0.25830316715003704,-0.9425435409445139,-0.07471131513150985,-0.46658444128417903,-0.13113636498569733,0.6970591497030555,-0.29572439541201956,1.3519756769112308,1.069734200409902,-0.1629267620511723,-1.730270767810516,1.9869624743750576,1.35132554785491,-1.4680100615429,0.42397677170484127,-0.5858909605219149,-1.3119306556098942,1.3492020506236815,-1.4609393913133037,2.27563737105777,-0.8182109523934161,1.5815249332510632,0.3918027769307133,-1.102465013037539,-0.04969922706346896,-0.01336926481708323,0.22309781073585608,1.6996302716582747,2.1009426884745817,2.0316174108137215,1.8881525184487578,0.2006873604423868,-0.3023917602506347,-1.20938520081755,-0.9400285483187247,-1.455796114080875,1.443623612325321,1.3030512778653602,0.7040823541417109,-0.9932181274913673,-0.4175160116238854,-0.8889978421916667,-1.0471873948381667,-0.975285335850847,1.6500248749247175,0.44991725488703804,0.027705267865965097,-0.3597858946012246,-0.21762536314735473,0.9286168839331531,0.8504838886390529,-0.22034253390250128,1.6470730940280611,0.21141210244595687,-0.11978192511769664,0.18513373560848684,-0.38613437607621887,-0.7651348656104741,-1.3526968689717185,-1.3003586754000052,0.37289777509265587,0.9077753795761112,0.8646687126102047,-0.8319730835305644,-1.2621725335777085,-1.8414463109421457,2.3257315965281435,1.003597735472085,0.6656350072172199,0.2654221682474028,0.1896061832016434,1.3375469093463714,2.425155361705223,-1.704260173688934,1.1721132678705202,0.8179156004896954,1.7361799468856025,0.15047639887189904,-0.862148486263044,1.514241769661059,0.4601832858299727,-1.411331517645416,0.31247413216652264,0.3531479538088495,-0.6180412596213276,-1.2122507644430847,-0.048603032933674246,-0.6542602420307861,0.6279678311467978,0.026025323871205305,-1.004981469359516,-1.565880755609672,-0.09340793474640023,-0.9262925906997613,2.0453282208551364,1.134732746531982,-1.0684771125679646,0.5676851523782641,0.7812960518946845,0.6849255572796952,-1.5951643075076072,-0.1595073563508505,-0.44497993135851915,-1.395609420669998,-3.105102054794804,1.7889516436974098,2.045431828484152,1.714408704506252,1.77690749530946,-1.247791049611086,-0.7996805460000108,-0.9007325108680524,0.7842620560506547,1.1118153114533387,0.43114004605696926,0.7399389797972764,1.5667387183989359,0.02548816592047367,-0.8350748853828206,-0.6005906278149273,0.6997140469586025,-1.1324889076660845,-1.3308846205650542,-0.5727190442593924,-1.5807148737414667,-0.45275032298576523,-0.2098489279788537,-0.0007765622964318458,1.406617362060379,0.07333796913882977,0.6875155749843892,-1.1228710965703819,1.1044675063152092,-1.518111910636702,0.914870476042087,0.665093310119511,-0.06816448351592273,0.6688172404016927,-1.8517406619533663,0.381820910229397,0.7616003151260186,-0.8656680862723851,-0.11524154002008746,0.5265755691528682,-0.4954763756328482,2.0914287415290413,-0.04580735817057049,-0.10954888687095635
0.43707341329232796,-0.17251033638015217,1.212245440726407,2.006868831894402,-4.77494666379909,0.023916329204247497,3.4956025819950463,-1.834617296752685,-0.31691746484949673,1.0111954043308609,-1.0725303990969426,3.575451890726192,-3.717040418375358,3.4614856716638283,0.15209418218310378,0.2872803505393818,-2.17107080938635,-1.4053940295655787,2.6457618023697593,-0.7084345597494951,-0.2807955756614435,0.14216949947564658,0.6894440074929964,-0.24089200134627314,0.37245777963794,1.4847781900227845,0.5155255222836009,0.13067635088287916,-1.2362569984639418,-3.6764028586707815,2.5854973588722094,-0.22327524326412676,-0.32369809381853054,2.181997661604447,0.6356085922973054,0.10277041045679729,-1.4187189172585233,0.8340616301572055,0.7870136223267947,2.6532042174619437,-1.8864626720173774,3.160352147366247,0.03890963729902705,-3.272878973450019,-1.0384063115730067,-0.4613509470467118,0.9813015840573855,-2.258057976607551,-0.8247813439227488,1.083794234353546,0.025183749398116295,-0.3677722855120624,-0.4557037935513727,-1.5681389777224717,-0.10597970574186688,-0.7568621179969061,-0.2544751913309454,1.19036486109623,-0.5235156153885697,2.2730557206619046,1.8559619879513034,-0.2744016151610521,-2.8544164567586447,3.3663226348763047,2.2713583081950617,-2.5026439382506647,0.7536354334359603,-1.0121284940815771,-2.2095748200558054,2.280265631895919,-2.479398413144572,3.85233417815649,-1.3806971945878248,2.7117493188697632,0.690001101566034,-1.7783188480086798,-0.12714961083343676,-0.0034972517266749527,0.26689882326252035,2.798590093884244,3.5630069235890307,3.44367448645685,3.174125674428788,0.26873304869592757,-0.5252063871610037,-2.051225587769893,-1.5407965946612243,-2.4635832696343756,2.4727772266833723,2.247694124726228,1.1191426370584407,-1.7190539281718367,-0.7236963979273532,-1.498187588090968,-1.772173914933667,-1.6947788833058743,2.8176007890331065,0.7485207190077553,0.06359960356533867,-0.5740183802559737,-0.42265681101069885,1.6541798763301683,1.405682555940163,-0.3181742073766068,2.735832267971887,0.35253412444617593,-0.1933114807442384,0.27192935105511656,-0.5888330413831818,-1.3385323229327335,-2.2855196888660427,-2.2078875272840226,0.6628541607093343,1.5940537899486436,1.4575737906516697,-1.3782164214126658,-2.1335349470479428,-3.023057224272539,3.89449042714853,1.6626872848040806,1.1314110657602319,0.3602554418923446,0.3250275699774249,2.284853938030502,4.037805326133703,-2.8106683019733247,1.8804962833134917,1.4137986813743957,2.879867421742727,0.24287344438281813,-1.4889643296619595,2.482785409045855,0.7651420995891759,-2.3862477540112663,0.4990643120887402,0.5989835566670803,-1.0116452649973082,-2.053507655703256,-0.015952577260114675,-1.0573727656368614,1.1223226676047133,0.02728888713854391,-1.7453814572644173,-2.6901245837377874,-0.21001101010751322,-1.5562643717108169,3.4551834756648594,1.8625455209067148,-1.7915136145549087,0.9884927207944594,1.262453867673683,1.1858697301508527,-2.669215140779495,-0.2577652523174925,-0.696699006092306,-2.2764311615519772,-5.225288332650041,2.0454318284982653,3.99946616486701,2.850046793535569,2.9999156529480073,-2.169130755195883,-1.3009898554903403,-1.5947725980344671,1.3452560125211979,1.81408398398189,0.7614602719101378,1.2888144705102342,2.67240740893007,0.03981299964558097,-1.4142902076617543,-0.9880219742960891,1.2150480786882347,-1.8533949514372356,-2.2135498966742815,-0.9084515054528295,-2.6287516829850337,-0.7583327457318654,-0.33405159995611466,-0.004081905609121694,2.3827368422991744,0.03281352726288052,1.1101544740807483,-1.8775286398468145,1.8784169672086268,-2.5908907760302156,1.5257757833639303,1.125875751522282,-0.1086214572036859,1.1070039433318266,-3.12336007076585,0.6809125818849667,1.316797276633857,-1.4198767682558493,-0.16950673572122016,0.9128633715336543,-0.843890814617104,3.5796417136244867,-0.08246104459772481,-0.20679202786339573
0.37741486983585076,-0.18223952177455088,0.994318385878913,1.659447014752292,-3.93732180796748,0.018180812019737043,2.8843204431570495,-1.5459004084631787,-0.2959885887428313,0.8501820696541462,-0.8875742089867211,2.9469698201781456,-3.0933224914451722,2.8986615569687415,0.10782655182886876,0.27928887566975136,-1.7866953978630349,-1.1514871900660508,2.1869127529594907,-0.5630931187004253,-0.2411199448860984,0.1300224649133667,0.5675415338798703,-0.20106847788305776,0.29210233967243315,1.273648243598437,0.41738744188126353,0.11366039199638134,-1.0036423622683817,-3.039023329381353,2.1473017222706146,-0.13724830206474659,-0.2220776897167761,1.8170687754760277,0.5638037596599333,0.08009234962582902,-1.1499856683635383,0.6659426833019865,0.6621796146514742,2.2159620705295375,-1.595626269250146,2.6412428869569515,0.005426740200957639,-2.6914553919036632,-0.917728147759927,-0.40377880780471864,0.8036145782959092,-1.8867674260179228,-0.701258087729693,0.859679197338912,-0.008336597598335077,-0.30338685789488445,-0.37916771941001326,-1.2857690234675223,-0.10141265869081756,-0.6168837705071878,-0.21028720195486914,0.9941445350800296,-0.412014847953975,1.8830395860059628,1.5216011603872643,-0.23013995908238688,-2.3605050404641164,2.8042974601217643,1.8947676817927488,-2.0485131939647716,0.6012228130268247,-0.8973859553309393,-1.7907156793842136,1.8860787715076401,-2.0912705345528044,3.2599428612896144,-1.1666280630646235,2.2394748138748892,0.5483176178059043,-1.4821263768683506,-0.10126125575539571,0.012811157284813727,0.26107896873127356,2.2981712791238933,2.9620325096908764,2.858662724986381,2.6411176950051525,0.2912288668286224,-0.4340816978729125,-1.6633445450204052,-1.350838752201438,-2.0155933683924108,2.061740859944029,1.824337400645751,0.9477732860427486,-1.4108835225552845,-0.59729591683946,-1.2693290888839095,-1.447531797065032,-1.3920062432786398,2.338842412868069,0.6351378492249358,0.021661546515668262,-0.49056736703847,-0.3158671406495449,1.3753495905227142,1.1490761978432635,-0.31875341252635936,2.26729099270639,0.2538982334674156,-0.16736993217208107,0.21213966205021134,-0.49062717064372385,-1.0820577932749869,-1.8708806092348442,-1.8358202058380328,0.551797112831582,1.3005863489855918,1.2520622085700017,-1.1731218649676798,-1.8110767042252054,-2.5185176622116834,3.235905860871018,1.3505568880364902,0.9494414361170818,0.3017871932220088,0.2733727984975681,1.8223637979685638,3.3544931540894383,-2.3370429373726416,1.5971444509889443,1.1165609958414633,2.422747354897139,0.18881419121770646,-1.2008777390426264,2.1126069665412244,0.6545245402164135,-1.972191621017459,0.4212429085069324,0.46137288963902795,-0.8459323509307016,-1.6980887553525392,-0.0330859608413229,-0.8511648185563239,0.9335381233325648,0.02488320408448043,-1.3601142614142652,-2.2416834514888984,-0.20071900110700155,-1.290310001638287,2.89287065378984,1.5395631227572797,-1.4907727935147264,0.7886904542262888,1.0792530208145823,0.9462419618724797,-2.2101345411375,-0.185980073743937,-0.5950363053499854,-1.874590928027229,-4.288905463838007,1.7144087045063479,2.850046793515693,2.8819517807990405,2.46149562268234,-1.788298729283367,-1.0584679428709733,-1.3132976040518756,1.0702873086996667,1.5233712708223737,0.6090040741413953,1.0430004970822973,2.1751749727626772,0.043366166691952444,-1.204695375017353,-0.8000097597236633,1.0166025332874162,-1.504337068795494,-1.8580523950488834,-0.7541498341518283,-2.190032647758881,-0.6268026282025456,-0.2618936854449478,0.028906434584030485,1.9981439701940946,0.06093662216840015,0.9097144870457642,-1.612871441920155,1.522539903197611,-2.1112180426021734,1.2598615998499216,0.8843352223439086,-0.11047203954302828,0.8827742616265941,-2.5694084058997713,0.5681515946739041,1.1058716437991964,-1.1872184377805446,-0.15738704309733959,0.7459901095858232,-0.6613615965991407,2.944315075462251,-0.08053987476468853,-0.14466571865110853
0.37894847403249854,-0.16298541321612056,1.0381419629023294,1.784726020546117,-4.097061240966352,0.024938054226966128,3.0269942210706042,-1.5725708888089989,-0.28891368344236334,0.8674269889683792,-0.9060386909669502,3.048604761363855,-3.2068803272889683,2.982815933053796,0.13617147132102705,0.3140149789144676,-1.8639026598133301,-1.1683826546412157,2.2861501624632217,-0.5988829051786465,-0.25824118208455116,0.1130412133916984,0.584633005052424,-0.2386224548033261,0.30771829443876825,1.2884247744903472,0.42299294302971435,0.12043335392269622,-1.0746938504602808,-3.143912896740272,2.235569203990958,-0.2504110001872209,-0.27079820283203737,1.8958617869113785,0.5784389147387826,0.08897287951673004,-1.1779120755461687,0.7208740048649587,0.6411377912600689,2.338310001412227,-1.6084158895917406,2.7088327147580196,0.019898741937891984,-2.78838516674001,-0.9246517386988148,-0.36683128029415263,0.8516537552550866,-1.934819234646059,-0.7713192173384911,0.8965358407850612,0.04358412869250096,-0.33722031449114387,-0.3801952697356414,-1.363561546346102,-0.11856036960293093,-0.6552221801482916,-0.1852551669412843,1.0264403995967246,-0.4713164698181502,1.9412903474104937,1.5715129589695684,-0.25685718241740596,-2.4788387006297854,2.9454450341549534,1.987960900144044,-2.169598682913788,0.61034545468404,-0.8435192551039613,-1.9015860454234688,1.973488494574997,-2.1212520009232763,3.352918287567924,-1.1935367594009656,2.3253194727121453,0.5641030200425312,-1.5177954344281765,-0.11264377665447171,-0.012244099469036648,0.26741295078136806,2.451622138299593,3.0383775487460243,2.9925130878845994,2.7323663353356014,0.2556687743470841,-0.5046026266742858,-1.7662202978605153,-1.3730931771195045,-2.1351887133599536,2.0978339296659616,1.895405261644139,0.9681823300717673,-1.4775480031203765,-0.6303427395849486,-1.3099286844349798,-1.5168451323013072,-1.4247792201819975,2.408393914633019,0.6445573032799612,0.059018694075230735,-0.5181581286508503,-0.31782054255884984,1.4554435758373052,1.213766164867448,-0.24266621984200165,2.309375663487298,0.24800017514682277,-0.1329094284240383,0.23467928158262433,-0.5253993265881182,-1.1090418922975251,-1.9906787935328354,-1.8833836735818132,0.5888571047897669,1.3260315794218822,1.2622065342891449,-1.2048180686768366,-1.8416767300146455,-2.634252311400031,3.3510326090985063,1.3809713690501788,0.968525738466857,0.3108502487793773,0.26109336678803524,1.9674260134811759,3.49483067942136,-2.448136707298059,1.6743952979207752,1.2117551254202825,2.468879752621986,0.20392990028878435,-1.2211089935822483,2.1832354077956118,0.6477306817078359,-2.0554422268310826,0.4200059158988567,0.5506753538798974,-0.8663705636860431,-1.7669799431368647,-0.048976474666016484,-0.9676413311635977,0.9679610497872414,0.04071472255997961,-1.4622596751012384,-2.292361677765347,-0.15436114544191692,-1.3711151283304128,3.017700688338936,1.6460700272936821,-1.5619001138658504,0.8379899462554837,1.0897838558717026,1.0057130357223578,-2.3305183813988357,-0.2140942110665733,-0.6322777024403811,-1.9825121764468905,-4.487678558235922,1.7769074953128254,2.9999156529335167,2.4614956226869937,3.1309710776953144,-1.8705901253775288,-1.1785086768129809,-1.3503854953443637,1.1287784044049993,1.5882086491381797,0.6574322257114552,1.0539387820609782,2.3358018759233174,0.03695263581658352,-1.1836685889438388,-0.8502442053566321,1.0549886222954232,-1.5704977479206927,-1.948280126917926,-0.8279557571500109,-2.2969664999637653,-0.6762929592811534,-0.2823571382578651,0.030893781294243333,2.0836543572120165,0.06851535732330212,1.0024210912829308,-1.6537678837472356,1.6016640726387321,-2.2278453337505875,1.3307276328767634,0.9727232926829323,-0.09915038602938278,0.9191932085008891,-2.7056651056213195,0.5976551580202029,1.1249792413732405,-1.2294616207408597,-0.15985960359835222,0.7840729358220173,-0.7231288102070541,3.0771458874487,-0.06597389037273692,-0.1788583138533281
-0.28464683065466784,0.09992205378826698,-0.7324549868405974,-1.2779128874102097,2.9694381219660517,-0.0005681574753892268,-2.1848120510625932,1.1427654861695096,0.21922147603387565,-0.6428466037238041,0.6767198248497293,-2.215769435570789,2.380854713345088,-2.170884500708641,-0.08167028750149284,-0.2266894335182912,1.3664744198709367,0.8704197108750256,-1.6378188693570928,0.41361997070528417,0.18078761969084342,-0.1008392480692025,-0.46325736132060624,0.21576786007734808,-0.2421070619958626,-0.9430666845660457,-0.30785864313896427,-0.0892262873643346,0.7604453447007494,2.2827512194206228,-1.6084688143703416,0.14475648672942593,0.185058279325043,-1.3828903668192143,-0.4215237133927606,-0.060441089260102526,0.8851387540366601,-0.4854537500706267,-0.4898709867546071,-1.653768935181264,1.147774751904552,-2.0053674373275525,-0.020778284680539744,2.0237879441925246,0.6541288292302313,0.2842268699429319,-0.6378228893006549,1.425211100875313,0.5000901800669932,-0.6549301765576602,-0.009269657888052979,0.24976164325760547,0.30192597718983805,0.9861838801593317,0.08341625969231911,0.4776356186933285,0.14655883338136658,-0.7448300871622371,0.31668878765105485,-1.4118541920585896,-1.1660711798051713,0.18478180871153027,1.7527347006410352,-2.072080327703295,-1.447572450062556,1.5568049291290373,-0.4561404717145868,0.6371249778654232,1.3639427527574808,-1.4038459877581853,1.521675396025035,-2.4163966117172473,0.8802788105214572,-1.6980772157627544,-0.42250372978646367,1.085898787445638,0.047370870054919835,-0.011357576962131955,-0.19512379794980522,-1.7360595504661922,-2.212350018340246,-2.1246949167213294,-1.9618072755484945,-0.1823567288479441,0.3163660652251461,1.2935700600304028,0.9446572191254566,1.5507452031470914,-1.5646144270452824,-1.376297278554926,-0.6954053784172303,1.1033167133496848,0.434917495549076,0.9378114987269482,1.0417693210199612,1.0218127694886658,-1.7472221799798722,-0.4641530103641297,-0.05826718231123658,0.3893877839456416,0.24845163631969924,-1.041068656799563,-0.911501014505297,0.20825561978564505,-1.681441039781658,-0.19954337338362366,0.11058907110417834,-0.1302846034871728,0.3969399023679612,0.8074688334528483,1.4319386409750656,1.3304024755685069,-0.3994901070430197,-0.9848553394262204,-0.9482826221943098,0.847004597097962,1.3289829778786455,1.875945087049796,-2.444072827522243,-1.0267150009044765,-0.7364922378003702,-0.24540158009454918,-0.18415747021238224,-1.433078297162476,-2.4929634212238225,1.735653493847125,-1.1452444682120044,-0.8548661822771985,-1.7979299642966722,-0.14826225902303017,0.8958883033509308,-1.5607881774914412,-0.5097959648664454,1.4559061418529073,-0.33431344353567516,-0.32326736807607925,0.6104660016288589,1.2588347031123295,0.004061281136297612,0.6322005382550833,-0.6931927401709356,-0.024010881967260464,1.071919209390041,1.6291819728932688,0.12404695987589404,0.9600468934994936,-2.1408893188279787,-1.158997901673801,1.1118534700004934,-0.6136840741851473,-0.7551594664908078,-0.7442404996192395,1.6795164918901957,0.1806104433837785,0.4454446845381272,1.3990515278533153,3.2263338494518408,-1.2477910496124947,-2.1691307551842187,-1.7882987292852037,-1.8705901253761807,1.8920560213581572,0.7882327664901889,1.0050990229977752,-0.8352399739639058,-1.1592115993726513,-0.48993567474099836,-0.7590557693446907,-1.6700689113087086,-0.01183189340374437,0.887367838483178,0.5828079628170147,-0.759311222070267,1.1329745936887041,1.382760034354049,0.5642936642275601,1.6254758718623006,0.47445127960846895,0.22835295690293783,-0.010606957698806666,-1.481789083913172,-0.029144976690376634,-0.6954968859537435,1.200999709389797,-1.154494297878006,1.5969485049476129,-0.9412788804377857,-0.682975674730567,0.0696079072278621,-0.708636546541223,1.9090953843166953,-0.4154307056847945,-0.8374217523711069,0.8476178786475652,0.14097149497813993,-0.5624375704226993,0.5328400892687404,-2.2316192679161184,0.05650955533528491,0.08310135354002657
-0.1472556283057021,0.05569724447536319,-0.46586956305149996,-0.7813907573558714,1.7846878415211889,0.005599366536864258,-1.3231300628006561,0.7235321753044297,0.11516719295135064,-0.3957942179269738,0.39827409775571265,-1.3535454896618178,1.4370273701242964,-1.328042582186029,-0.057173343117110746,-0.1340866534590045,0.8326555131710037,0.5357773996669344,-1.0316791180981817,0.25985190394915814,0.08746997761623204,-0.054004449368166105,-0.2927616251952419,0.09860300206560042,-0.13905757057337484,-0.5842902847154385,-0.2010569873201165,-0.09041358082596093,0.4582040656555354,1.3810467747405224,-0.9817928817950752,0.11982541195566537,0.10502820763977433,-0.8470480122784967,-0.26383652626227,0.005422600154074808,0.5206409382036119,-0.29383444511072515,-0.3086418514442325,-1.0298769492131827,0.6712701155078906,-1.1949000240651448,-0.037141708042070704,1.2521147437465654,0.41434500681144,0.16305290731914113,-0.3951791292197315,0.8227611106567891,0.2659903479952778,-0.41506173684060277,-0.0016919349548699877,0.18429962653082055,0.19144173243912496,0.5724958998269619,0.04676753795198399,0.3117931685962757,0.10001848059074533,-0.482995769206238,0.18770555682603624,-0.8304901483195879,-0.6955934484977875,0.09932177312599401,1.1168452444178438,-1.2972776223751452,-0.876010783732029,0.9630506513492996,-0.2616958375098202,0.3829198974302763,0.8082269908160098,-0.871139876677078,0.9285606306623208,-1.4876124668033301,0.527423920834416,-1.0346820464043298,-0.24071498558651033,0.654095866866792,0.06357190169943171,0.0016709135150584625,-0.12733265526879584,-1.0662010226399412,-1.3311406532407934,-1.2928257222275172,-1.2241753906711068,-0.08454844879170872,0.22356739395537956,0.7883251162353296,0.6014009122354516,0.9071955104209692,-0.9166066079637559,-0.8450135049800628,-0.441504752731721,0.6585402204758113,0.24288360573347717,0.5281220230358232,0.6470967347126702,0.6632414107030166,-1.0593014065414361,-0.27720397340956876,-0.040994031471575355,0.2608619090540284,0.13112359349226133,-0.6125278367124091,-0.5564180853241889,0.1319560656260828,-1.0123414957075039,-0.13252155252324804,0.07676845951615219,-0.1047235529694426,0.19762946532913028,0.4807399919176916,0.8535803975130589,0.8427272095135804,-0.25541429237805435,-0.5998561108703143,-0.5794766693578614,0.50415995164533,0.8334545713558444,1.145299757812486,-1.492336958664497,-0.6433102488550593,-0.41649961334739144,-0.14791045516901816,-0.12343590418145865,-0.8718440099660475,-1.5463576805843138,1.0815526901704713,-0.7157410736022076,-0.543535641252642,-1.1265590701260038,-0.11259861012039404,0.5576893661730041,-0.9385564116097359,-0.30780596136356925,0.9006175052597382,-0.17925771180141975,-0.2304893461340035,0.3482091828473634,0.7933830384539551,0.010106714367681763,0.38498754289746384,-0.4345329077300974,-0.055467827377062316,0.6656379158811438,1.0369623295755352,0.07237950423727484,0.5975736289113764,-1.3237472665281385,-0.7344252808810143,0.6771751017175474,-0.36935462713217415,-0.4468991883886554,-0.45204075280240175,1.0335631601631192,0.12302284285326925,0.26889320756445767,0.8506610093291486,2.0036161447071508,-0.7996805460076843,-1.3009898554935573,-1.0584679428819346,-1.178508676821538,0.7882327664968771,1.0033673260276101,0.6454107131708182,-0.469906676207394,-0.7139817210665136,-0.26788353241811297,-0.46379574199124074,-1.029057400132908,-0.040327517722714076,0.5616467867054324,0.35832463854477165,-0.4257402000652709,0.6870626723601827,0.8127587790506496,0.3502705347148532,1.0302488804717334,0.30434803009746114,0.12928176754442644,-0.004767644677893153,-0.9208212308643358,-0.0436610624978046,-0.4299387459040406,0.7231167015796169,-0.7082638060824883,0.9806412487897797,-0.6147707610755743,-0.4031057680899486,0.06642647981041656,-0.38630630982745334,1.15727539174518,-0.23790777432790827,-0.48142640248062196,0.525329640238909,0.09556309054426206,-0.3822982270985588,0.31110920393672925,-1.3684978324372818,0.029830316076990937,0.06356796683287733
-0.1877327153743154,0.04657739993378222,-0.5353500335254904,-0.9273071146052769,2.1788872756667486,-0.04201296343533678,-1.5851630844541789,0.8335303312819906,0.1565134330674847,-0.4642269763356104,0.44004214793848806,-1.6216807432953049,1.6912318796519372,-1.6024401556521612,-0.07437408325619999,-0.19201419076458115,1.0043987488062789,0.651570035022551,-1.2436717423603636,0.3219126537653618,0.10647274809195256,-0.06851343145889119,-0.3056103801751476,0.09384734634152121,-0.15731689122232415,-0.6772308515009041,-0.21438237520738332,-0.05125300871894328,0.5582384790460329,1.6620303892978052,-1.1837893487254225,0.09031639546746559,0.1333679675370721,-1.047375092759857,-0.33529030828655226,-0.02832043227220999,0.6243684741770598,-0.3611125510553533,-0.32567175111475916,-1.2232979113286984,0.8451314861857088,-1.4434961320826127,-0.026837836646464212,1.5135760504429623,0.46718991466362936,0.1868641249403804,-0.42636207254124503,1.0116155369044684,0.39321697218715035,-0.5298589176078475,-0.0035173411765673096,0.17937690975903353,0.19147475974372768,0.7218446040169424,0.053819959698721845,0.3666213940381994,0.10663653509384746,-0.5440739941607837,0.20681977248396746,-1.053473035871063,-0.8371028181312915,0.13816231956308989,1.3161397388910467,-1.5480585403266012,-1.0446975023285474,1.1397131761466759,-0.2877526647167023,0.5091440610607636,1.0117350983119267,-1.0028192165741756,1.1225167562609335,-1.7725044649092712,0.6132513262025229,-1.2617809803080149,-0.3248435394418736,0.8061517209801397,0.08046875003423093,0.013859746426213428,-0.16235639493829018,-1.3319099730626112,-1.6577550095649052,-1.588745755575674,-1.4356833913801494,-0.1149796831036729,0.2696544470478917,0.9306524100495783,0.742786427271874,1.081852406791428,-1.1593537072993132,-1.0113136105274108,-0.5299424021449868,0.8063657046833402,0.32542926999467026,0.6883486032492748,0.8324735441075239,0.7810415351753596,-1.2557073831976853,-0.3543028944614523,-0.032324539849033454,0.24950929290933307,0.14671731971377214,-0.7934111227510562,-0.6333102732450939,0.14352382112707382,-1.235415290600475,-0.17899165376668352,0.09098995323610917,-0.1290991960225822,0.2798290966497498,0.5844689948440394,1.0483199401620937,1.0465813570949372,-0.33184733680649126,-0.754500500034792,-0.6884137567761697,0.6330359468356591,0.9129801340240625,1.4043829008662096,-1.749579800142752,-0.7637752656193948,-0.5100905551470503,-0.18693007246715743,-0.14379686733604607,-1.0441394534062431,-1.8670094495254932,1.2712860673682576,-0.8764249249580036,-0.6261546407602376,-1.322343597632678,-0.11187754236367858,0.6441761342801007,-1.152577951839764,-0.3461057628099913,1.0541485198327227,-0.22960317661902163,-0.24318207894729185,0.47770247019748735,0.8966045009959914,0.02230541396435548,0.47628592542616993,-0.4825138781655506,-0.040866702629186326,0.7877000773618669,1.2280701880527243,0.13174037271943267,0.762936582275369,-1.6056596082986334,-0.864843021079093,0.8287350789020554,-0.4441028511852836,-0.589982380540413,-0.5445907352499861,1.2336202481001777,0.1017184211530599,0.32653600762260016,1.0681951236707934,2.353307378793206,-0.9007325108702136,-1.5947725980270484,-1.3132976040548923,-1.3503854953447105,1.0050990229987213,0.645410713166507,1.2772266780650885,-0.5636812798347682,-0.8660274731949397,-0.3376814583871884,-0.5899799940203115,-1.2408863189987716,-0.0049325310347930005,0.6536738704319686,0.4221153492928858,-0.549866734798047,0.8500952127078911,1.0507992302138744,0.4469364383849767,1.203701905597028,0.36204175195349997,0.13783623449867644,-0.022901672512047402,-1.0889433460057163,-0.08209341197063008,-0.5271020673172775,0.8408519117026794,-0.8335455240389997,1.2373882337916504,-0.665035251677729,-0.5205148296188875,0.04335606237036678,-0.5195931938258143,1.4272360627327592,-0.30840543917374724,-0.6176991825141535,0.662284188923977,0.042980873672369635,-0.4016761700979935,0.3809158282355816,-1.6392458294586556,0.03530343194369746,0.07202049349431844
0.1588994221923435,-0.04159219193111549,0.4954035627937462,0.7804673299430526,-1.8404570521426529,-0.005198015301979723,1.3113921771598265,-0.7034678215162824,-0.12645832764609843,0.4322111221461081,-0.3601761825082218,1.370184720730937,-1.4380514191985831,1.3578147863905436,0.060182629015427064,0.1436040927595037,-0.8537177430657312,-0.5222708199922468,1.0295345086919199,-0.27094729589833977,-0.10492051607360443,0.0656621845197512,0.25235352233540326,-0.09636766394342425,0.1246873789394387,0.6270069310218345,0.19883307570009542,0.03569851155440221,-0.46294498842216375,-1.4503054499538706,1.0276571829713124,-0.095987744276001,-0.0891362405753521,0.83726655528652,0.2669591968109399,0.039446605249242934,-0.5533540320133733,0.3183130714706565,0.2793347356796264,1.0245022793711276,-0.7140268443641666,1.233386016045258,-0.01744440784573103,-1.2345271479140185,-0.4051342949240296,-0.16305483887952377,0.424007029509153,-0.8893110170572296,-0.3161289524881595,0.44540091977971796,0.047766011039172176,-0.14849376329332387,-0.17618932855791047,-0.5982321716671866,-0.020234059107206475,-0.327296275118414,-0.12269163841679043,0.45326653500455544,-0.21386436069160644,0.901999414054929,0.7235651146325082,-0.11827661939480863,-1.1316514074903985,1.3186025214668056,0.8918555859199413,-0.9710831438233078,0.24469205653545656,-0.3977869375342211,-0.8554288955998985,0.8606911058611784,-0.9205505421367479,1.4893349810885756,-0.5325826177008148,1.0507979718740257,0.249969145246428,-0.6817663708940815,-0.0689608836353646,-0.02359471349263539,0.11258240979274103,1.0730242378063686,1.348240985176189,1.2978871995796566,1.227774365008334,0.08795536096564671,-0.19634016524174416,-0.8228414534350256,-0.6488655356790753,-0.9611507613480175,0.9642296235453314,0.7888157291666797,0.447316362713133,-0.6521929268534011,-0.30329768664399437,-0.5798454085533529,-0.6764969786664833,-0.6447340045817918,1.0949724716977356,0.2553809875159115,0.04889301448271312,-0.1898926439634652,-0.1512216905352003,0.6499088547163889,0.5311246846668758,-0.14705151889094437,1.0653527321469023,0.11347623547720101,-0.07795211372715465,0.08945089899398104,-0.26127684068625623,-0.5204043427005556,-0.8792261626620814,-0.8350150854126729,0.22378638217563465,0.6204512664405571,0.5559033774990615,-0.5196007570405042,-0.7941900754576993,-1.1633298443685673,1.5023584970889252,0.6478149520835371,0.42341207092750016,0.10208390812489719,0.12439894736403635,0.8566184625302982,1.5344428996776789,-1.1319762080925935,0.7362991304855282,0.5398725417118138,1.1235486288359844,0.1009968605732956,-0.512136608147008,0.9354966755156783,0.31609468248592515,-0.9059085153893344,0.1887502328584369,0.22104324122703542,-0.37877664876325845,-0.7849697470911526,-0.05482223035756013,-0.4054391636720137,0.43906928592727423,0.0019808942838282703,-0.6377955287720566,-1.037694083003316,-0.09063569043791282,-0.5792929193619266,1.3473445955262469,0.7046366923828318,-0.6929356767652151,0.3852184101094436,0.468221330741371,0.4572364659710046,-1.0251764983433513,-0.060604103878135106,-0.29156882168087617,-0.9136702313083811,-1.9841501118992098,0.7842620560507548,1.345256012511961,1.0702873086996014,1.128778404402789,-0.8352399739627052,-0.46990667620273485,-0.5636812798334901,1.092341083695618,0.7252019373174713,0.2895503087981013,0.5281415036196645,1.025270644045522,0.014200668972307704,-0.5631416142241235,-0.38739981341291024,0.48260119063454565,-0.6972397409734032,-0.8606945862789214,-0.3462239914205816,-1.001576534999826,-0.28148247442419994,-0.15028018568273477,-0.0056669287009606314,0.9093328619788967,0.025463308756104724,0.4129118676222439,-0.7481465803580524,0.7239198727290896,-1.0106779225459432,0.5545522887914709,0.42854228157008023,-0.04209614669083665,0.3971189972811561,-1.207055485149218,0.2614007891678657,0.48569593683800016,-0.5650215006586825,-0.1021216157039237,0.32448834188352504,-0.3037043712359941,1.359291346466214,-0.022792876843556003,-0.09861713986508318
0.24909883893791165,-0.07715539524953913,0.6626538929006172,1.1111587013846906,-2.5074873492528478,-0.0038246052755428533,1.8340646777002994,-0.9753218187550512,-0.18485013757413082,0.525237813827613,-0.5686334676745282,1.8831289158724809,-2.014052958606057,1.818151478705937,0.07008693577930328,0.17085738784597304,-1.1287817512859681,-0.7644228219824923,1.4162520619670507,-0.3815374298732573,-0.1524042050950396,0.09316673875709136,0.38552696405469766,-0.15808812631948777,0.20405875476343932,0.7991918321213274,0.2538817080149658,0.06015206315341105,-0.636048626576729,-1.9510077505870806,1.3965883846834442,-0.0957797836435032,-0.1582649677845663,1.161729038086503,0.3221994587555962,0.04958745732480581,-0.7589251945650956,0.44357035887653473,0.39639583007796725,1.425752353253109,-1.0299908443297823,1.7001485624882686,0.03135364639181738,-1.7742147084208568,-0.599897725465001,-0.2510856948347489,0.565401981485876,-1.237889372339232,-0.47066724802406046,0.5931956296274088,0.0252271748421337,-0.20914697094427653,-0.23647993520776822,-0.8389400981545557,-0.0839951262170765,-0.3846578137781533,-0.1194666293047631,0.6459685636460496,-0.2797715935284451,1.2030615565481266,0.9641828756078319,-0.1360387427394794,-1.4937732002264934,1.7878904957694253,1.2456328433529582,-1.338698393437118,0.36960926093779817,-0.5741071324600494,-1.1767348352355873,1.2147854636480617,-1.3438782479591587,2.1006593366866815,-0.7126453548811817,1.4232133971974028,0.3359580650427657,-0.9310187472506181,-0.05144110574908947,-0.03880880006565091,0.18467103064084495,1.5414839409833974,1.9203989428849113,1.8211627738699376,1.6854530053336054,0.0979423106910361,-0.27734347553738314,-1.085141975720763,-0.8133727414437439,-1.300621990381163,1.3247210101978297,1.2007889756124215,0.596797078928431,-0.9309539302200083,-0.3763555583616419,-0.8024738006804994,-0.9458651872556693,-0.8851689887844651,1.524641751408163,0.4117101304944412,-0.00791316988690105,-0.2900898923942749,-0.21814136171482107,0.8960969740587417,0.7017127514491657,-0.18405566633710982,1.4839030395838857,0.19824786003531758,-0.07263312749323399,0.1691554250541513,-0.3196137487996112,-0.7164853817981768,-1.2019897744908332,-1.1869486213927463,0.3711633071211189,0.8060923509075504,0.7707020981534073,-0.726519087330163,-1.120171946214467,-1.6286341747603637,2.091484365268702,0.8917002589082607,0.6076235601565646,0.2174191750041235,0.17007013636261945,1.2193886966351266,2.174334709337185,-1.5114687208043107,0.98885320389743,0.7464406575307769,1.5465794805570434,0.17018267329403092,-0.7838961499560073,1.339816061213645,0.3931508476511786,-1.28295116815959,0.25206125636925153,0.29382392611730357,-0.5687094488468487,-1.0873231844208189,0.02680445556710937,-0.5651618902630732,0.5675422854128637,0.032148901142839185,-0.9120707816259152,-1.4631430587209526,-0.11575904243778407,-0.8443737627066805,1.8506408265832779,0.9726103448485713,-0.9669538108168214,0.5090007632728404,0.6807462557594396,0.6517698184933408,-1.4126962095766382,-0.16677798987566356,-0.37837647093192167,-1.1882338170623916,-2.7533207173989935,1.111815311452807,1.814083983968249,1.5233712708214706,1.5882086491344565,-1.1592115993709027,-0.7139817210592493,-0.866027473192717,0.7252019373173424,1.560848975452241,0.3870258674490317,0.6678169370969365,1.4495471889209646,0.04541681561406799,-0.7354461807684652,-0.5266580015154934,0.6701260219552216,-0.9994463273228631,-1.1900212511808117,-0.4984770212244465,-1.4224899588316418,-0.4190104770253341,-0.19158513511151487,0.029274994038121983,1.3260631618855008,0.011827502188239802,0.6287391041652451,-1.021270974421829,0.9820447560198887,-1.3905410257918165,0.7829844816477693,0.5808012999039056,-0.0807018369432024,0.5702926024959656,-1.7030680677656798,0.3440341354068924,0.6959935497829662,-0.7613165871208403,-0.1287913154272389,0.4923698938327626,-0.43420266098920013,1.9157478388741622,-0.07311210428748868,-0.0834305307710734
0.07046255825766794,-0.02503307553268194,0.25046252497616645,0.44315700736380875,-1.0454805107194869,0.004041584665884348,0.7640869817293798,-0.3904939364389243,-0.0782040172411625,0.21792895131307766,-0.20739845594335798,0.7804984954712784,-0.8109058748406466,0.7714435919361209,0.053038057221073916,0.1296096205489707,-0.45267445302221354,-0.3112668653417163,0.5982294164243304,-0.18374373095769636,-0.11813498911790456,0.035278061601504276,0.171286379516226,-0.05423415678268613,0.09886820126860212,0.35209010470401575,0.0970190423569464,0.019529586732748544,-0.23247902166081377,-0.8095870016645523,0.5544235962643017,-0.0364919100368173,-0.0580932515385954,0.4789823604094752,0.12388727290806875,0.024652729883903615,-0.27936177044722005,0.18296582488982488,0.15698808702444333,0.5849491788994987,-0.39546533925208655,0.6690792397891104,0.003225835216222602,-0.7160926909113828,-0.2261311632297808,-0.1309575951456231,0.20236216290269674,-0.5119319677215868,-0.14428260341229446,0.21860695681591508,0.02132657310062728,-0.09534435143270366,-0.08913218988931909,-0.3191877611192214,-0.04686532159373337,-0.14817542038870835,-0.03243240219889391,0.2394131686192611,-0.13876805098638073,0.46738310066909755,0.4236319922871757,-0.07783293699619172,-0.6132478989656558,0.742539415715523,0.5337446510887532,-0.5416889916257894,0.13882333757019893,-0.23673204723853716,-0.45703648377185424,0.5068207168636123,-0.5589565836261218,0.8780927390936814,-0.28712826014854687,0.5869045827853986,0.16565136189167473,-0.38893217408225417,-0.034889829926286434,-0.012090118420089814,0.07863655327149512,0.5969008618576194,0.7686740001187757,0.7342642479642546,0.7241595118717342,0.07373161882893338,-0.08381692015180545,-0.4399654606064401,-0.37515145062093913,-0.5628176570537079,0.5526516261842822,0.4831382906019534,0.251864389125947,-0.36846571236120484,-0.16663368471381323,-0.31997532396664524,-0.38595276284187374,-0.39501336092132316,0.60662261773927,0.15896758585675858,0.005134281566672706,-0.11148498485867289,-0.07704061576675446,0.34196730969751155,0.28775678581612757,-0.07354878227260514,0.5920412536171268,0.10480549670105949,-0.04323777647108469,0.07706564942584104,-0.09451436633735211,-0.29487911060871524,-0.5375527801452871,-0.49158000394676254,0.11986806281818628,0.31363136969443056,0.32712173715464926,-0.34676867785172644,-0.4718730415246267,-0.6354678640290015,0.8391059511953122,0.3624620477932244,0.23036617882706603,0.12531435782987113,0.07740037990152569,0.48626760258600954,0.8925938819438233,-0.6774666610032867,0.40756192614412345,0.3149857048134809,0.6301815592977269,0.0701825727912889,-0.30937613537294295,0.5365508574618949,0.11783452209405489,-0.5013188166389606,0.08437615568435969,0.11407535274259621,-0.23169531965312373,-0.4572975432072856,0.021986257927871698,-0.22181351617579745,0.2331428752952615,0.014152642194358647,-0.35066131875205253,-0.6110235544993623,-0.05134604750008082,-0.332261146035173,0.7692852421364972,0.4144724133911962,-0.3949607069383222,0.20874547831072723,0.2640042060709752,0.28020078420161426,-0.5888619544804605,-0.08674215474239626,-0.15548128040781029,-0.515674288111693,-1.1315144051408543,0.4311400460567874,0.7614602719050425,0.6090040741410676,0.6574322257100513,-0.4899356747403574,-0.26788353241538454,-0.33768145838633523,0.2895503087979256,0.3870258674490275,0.7014727512827283,0.2724037574956346,0.5879939212569362,0.008699524755469786,-0.30449271662629546,-0.22654514332524966,0.27865739955912094,-0.39996783470564357,-0.4728216771294418,-0.20984281698824517,-0.5519411142958051,-0.1995931933820134,-0.08776935764193097,0.015150019968973128,0.53401101455936,0.04445662398387579,0.25165583804795844,-0.4557871078227047,0.3865659283642938,-0.5905146206091613,0.35882449798836114,0.21099422466252363,-0.047791864705671205,0.22485491502548635,-0.6924917804823247,0.08846819569602556,0.2710363453033167,-0.2771739580379113,-0.014987803640570275,0.1658617543169395,-0.1944442523647707,0.7558563280943849,-0.013359446492852355,-0.014457959188227117
0.16604118546319752,-0.04789308774304497,0.46446258721313566,0.7181774040974351,-1.7118362474493414,-0.009481330191254956,1.3078128458695368,-0.686072845010351,-0.1038004225708783,0.36603730768313636,-0.3896934366518582,1.2837777259482175,-1.3989916767062798,1.2357961387148857,0.05626759488722231,0.10650659394277064,-0.7998664160532486,-0.49940893509037365,1.0273276361816575,-0.2467328858090831,-0.07964719632835751,0.06387518079576668,0.23620364184693138,-0.10403517837502779,0.1432995761767631,0.5162619806306978,0.18760502769890725,0.05564844937249129,-0.449648398147058,-1.33461639529587,0.9540550332634207,-0.10226088775899353,-0.12160614526683647,0.8263741490165337,0.2706414099644318,0.05470995808139273,-0.5381663122058842,0.28992495405073293,0.31064565943812966,0.9972547470138052,-0.6719223031259666,1.1554804753774122,0.011293896379804928,-1.213754913495759,-0.4063546460179885,-0.18610894756691929,0.3502076346719867,-0.846304829010083,-0.3425407663624648,0.39011277118316534,0.007594613209179438,-0.17464258344519623,-0.16370970920098948,-0.5609573345368245,-0.07626328853733563,-0.29735548204733986,-0.104838456218067,0.4646371912658585,-0.1783987220522366,0.8255280736331599,0.6676172598371467,-0.08821329409115239,-1.0656094519362764,1.2265423827907098,0.8179444497815755,-0.948905400081847,0.2641739004249021,-0.38749646960894224,-0.7772287183946015,0.8299117356075287,-0.9017995596439744,1.4563867551019227,-0.5075904538814526,0.9856685612482808,0.2403738116199533,-0.6460153386415669,-0.0441341508886868,0.012624740530422021,0.09362614216261717,1.0371490555273875,1.2952759085956782,1.256180702003609,1.1426257186729678,0.12105101864824933,-0.20064467050602008,-0.7267072940958087,-0.586753797721802,-0.8964252007377849,0.9339743122871916,0.7949454890415514,0.41986067585151543,-0.6261494643400292,-0.22794193331069407,-0.5527228029118493,-0.6151496515514244,-0.5846808742152141,1.0017499534765337,0.26627246109118,-0.021273785500842135,-0.2229095444841202,-0.14977361983842333,0.5958243558278803,0.5627287411456059,-0.15227052684647818,0.9988004150913867,0.13586636248134487,-0.05547497555225388,0.08794524694318011,-0.2481636402067282,-0.501790704517273,-0.8450479332920825,-0.8222884465522726,0.23476253338010802,0.5929683705554865,0.5477388868354329,-0.5337347684327739,-0.7798956279352988,-1.10227750191205,1.427045026858476,0.5532191755515126,0.43321798954627067,0.13148286358368627,0.12795751237069541,0.8305660579642888,1.4650408375655664,-1.057097583504522,0.7143920001360238,0.5126378605110709,1.059142356579787,0.09712699255993118,-0.5503570527169375,0.9389447042013566,0.28067831535955734,-0.8494883350722394,0.1593491624101556,0.17992903888365883,-0.3521131730653223,-0.7421500834825331,-0.008438507697202464,-0.4028210422054025,0.42497947984928325,0.014343390208306155,-0.6115489099923865,-1.0182253222780475,-0.06680892794442701,-0.5818883417525456,1.2906168670283042,0.7158888836287791,-0.6757326124293058,0.4008442871691072,0.4715620288675381,0.44403711950101465,-0.994583989531222,-0.11287384483539697,-0.2711723884095816,-0.8412176567026115,-1.9556036507177912,0.7399389798051329,1.2888144705151083,1.043000497093406,1.0539387820702188,-0.7590557693517044,-0.46379574199214735,-0.589979994025259,0.5281415036249217,0.6678169371043413,0.27240375749835355,1.0246282323715814,0.9812680590742844,0.007533447727741329,-0.5049292957330189,-0.38967819705236983,0.43855622802626815,-0.6750100982276105,-0.784842931335063,-0.32461175053098335,-0.9810286389536078,-0.28465685942350555,-0.08615311534575631,-0.0056271456171230055,0.9108390038416924,0.01413545340585852,0.4333242102781207,-0.7100141726564383,0.6747586837087476,-0.9273596646815042,0.5449112257100183,0.41572946280769935,-0.009002679654299139,0.39749137363749243,-1.1799345090783537,0.26647789426779506,0.45029596205748784,-0.5062725461727294,-0.08875128803940958,0.3017640182607848,-0.2790817268474866,1.3283195590461323,-0.07996804036239749,-0.08647606649897853
0.3590052392008814,-0.18487018264995791,0.9453940031124913,1.59514002268375,-3.676637565620648,0.007183448270519347,2.736308677535295,-1.4427850863980873,-0.25710880489803645,0.7725197016474163,-0.7936069121057916,2.783623489816326,-2.9094246097905807,2.7420844062951177,0.12673698696306074,0.24698891298158232,-1.7056659419329343,-1.1122537710788518,2.086509013918336,-0.5537765296659508,-0.21931097706813119,0.12012442966164816,0.5386204941739517,-0.21203810218110353,0.31170412659418545,1.141758242138814,0.366094046756596,0.09494445565642129,-0.9712975785324994,-2.850049719796893,1.9937964645896662,-0.1550856835446085,-0.2453671505665279,1.6939336017329667,0.5179212688991017,0.08170239266606803,-1.079903953137897,0.6380067612986222,0.5687370195842498,2.1064606466742566,-1.451200626047953,2.5017201077104048,0.016598984346541515,-2.523836075656445,-0.8191418851986014,-0.3549374918971309,0.7672943997177698,-1.7609756541076662,-0.6294774409347194,0.8544977257697322,0.06405675718865365,-0.29374983064702,-0.3707993214235613,-1.2191605319804957,-0.089755819444547,-0.6090281980846649,-0.20413563853488673,0.9181949426152074,-0.4172425900047916,1.78824975319461,1.462125493275703,-0.2369026168637635,-2.2326661818729785,2.6164632929572633,1.7629957960441769,-1.9490921316153569,0.5934921562746291,-0.8463061144536577,-1.6751326440468903,1.791918047980335,-1.931158657219741,3.0773004307999914,-1.05535007439303,2.079070317324659,0.5047617440073608,-1.4115976202999356,-0.10867646366371397,-0.02226261314073873,0.2635449237346024,2.224796918497295,2.7268779349810393,2.6853146930999996,2.489345936538395,0.22391903952655606,-0.4120137982877393,-1.5848040460786297,-1.2080675923642512,-1.9685684647149844,1.8879516797509734,1.7520811701222474,0.868456772802899,-1.3274032711549923,-0.572743488306404,-1.1817643178482873,-1.3532439068765256,-1.3113212697557022,2.194255366763128,0.5884451284892913,0.08681675629553484,-0.4398284728778729,-0.3162484870097598,1.3299158611541797,1.0841170765166506,-0.2618633912629083,2.1352278833770617,0.27449784315166076,-0.12147009521826181,0.2455409122257017,-0.4566946952371195,-1.031639596724762,-1.793249120079753,-1.7351055620603588,0.505605061452574,1.226941545077528,1.1177401450916566,-1.0906276241248045,-1.709569471850046,-2.392774388449533,3.0283368398559576,1.261373687583963,0.9141348663323705,0.27741038363769377,0.258412712977114,1.7523388161625058,3.138768184552721,-2.1957672604941836,1.4568723626175193,1.0712082013542812,2.2876985510614833,0.20647617390308076,-1.139526900840887,1.950258807949298,0.5788215957692687,-1.8445068020363735,0.37856015505633006,0.4414909918887706,-0.7805546182271106,-1.5893651937700746,-0.046723063911227894,-0.8563555724678951,0.8621109021380859,0.0429005945683299,-1.3496439967284577,-2.0839664127804975,-0.15281199003622517,-1.2197816166171942,2.716102365342968,1.5029576640978621,-1.4348173309989445,0.7820143633477692,1.0029803927842513,0.8641324277419852,-2.081162837107674,-0.23790353662701955,-0.5685637334576119,-1.7811411436108726,-4.02942653930085,1.56673871839649,2.672407408907346,2.1751749727590473,2.335801875915346,-1.6700689113043983,-1.0290574001211408,-1.2408863189940595,1.0252706440439194,1.4495471889194083,0.5879939212563547,0.9812680590624657,2.670385968303573,0.014456440145560242,-1.1084441056444703,-0.7640755065506709,0.9280734909793102,-1.4048481313289876,-1.7430176046792472,-0.7153841313111441,-2.0348864359698644,-0.6121993922982614,-0.26113450137830013,-0.005727278391265675,1.8841965811992867,0.08942884605923536,0.8578426676390479,-1.5561653741170574,1.4576154426864811,-2.0123626954859875,1.150291164263904,0.8922336373900014,-0.10563335375182868,0.8276445677022739,-2.422782123162577,0.57546508654745,1.023928030896707,-1.1464553481260507,-0.17135899667804977,0.7758451879490381,-0.6277250746333494,2.748403369879769,-0.04443176001512328,-0.13486161100842722
0.020897925785598896,-0.025349127068020668,0.029794136420490367,0.01590433188283785,-0.07141389369399656,0.00883516958516957,0.08288729356725641,-0.054566576225568604,-0.0023078600044128717,0.0013739838192643272,-0.00942529738765271,0.03742979324990773,-0.05749759460899643,0.014725078365711568,-0.02102025585063396,0.041215852625226194,-0.03013371926339218,-0.025704058711431988,0.03913609139471059,0.02284577829123614,-0.0026001265767088273,0.0034639080676483166,0.03557106193163154,0.007283160033437087,0.00637491966196927,0.02590560966689739,-0.022857471800815515,-0.01626779633969015,0.031145518589460235,-0.048130367461710795,0.027442624537784528,-0.005945553682114246,-0.039204764850476574,0.036085347856478885,-0.021540685437316742,-0.028206426484266543,-0.014762464330105446,-0.00014406337140684364,-0.004249724691241406,0.016197057399980105,-0.06109176309567355,0.06811792093248448,0.03935538921822763,-0.008771770160712141,0.03368645599041612,0.021099985121555836,0.0012814017832786955,-0.03447006223183942,0.013744674249768317,-0.001361767552554185,-0.02231918988032419,-0.017333904972024982,-0.038705337560710866,-0.015511954030945081,0.003371367606418108,-0.03443517308028299,-0.014628464051743135,0.023581314217006627,-0.01222897815282888,0.030683129304258705,0.009799717122011093,-0.01311473319206334,-0.017821218109618713,0.0081850701902275,0.03480198327751439,-0.014770217025616261,0.07180251249093142,-0.019614225799046012,-0.025893452718198193,-0.008802120107528864,-0.05650617162695679,0.06594189012734498,0.0026409549205765426,0.04520791461944438,0.03549915043474667,-0.015684188756660014,-0.012351496260712653,-0.005803667217461571,0.0033730101481095473,0.015430883996723446,0.04058781411370173,0.048290783367499056,0.03048097262370723,0.009026066612683266,-0.03264387759372912,-0.014441989320319122,-0.004682603728546325,-0.049675744988667205,0.012522956594615777,0.018200487736973473,0.039594382510715835,-0.051046905362323834,-0.019314234648757932,0.01447708176642542,-0.015537045506595905,0.013773505626315397,0.032731820376379527,0.018274335460014994,-0.009515644523396443,0.005220380638312627,-0.06066746968514061,0.03242761842136132,0.02565204101481325,0.013320971745257865,8.831513525491995e-05,-0.017095536700075725,-0.009581434472921747,0.006103404069893221,-0.012252950329249083,-0.020658747662172447,-0.029832615442557754,-0.02723690092364381,0.004202104675214633,0.035236978583306496,-0.007702827436846989,-0.035754398643036304,-0.015308060417958189,-0.0035413619306904434,0.022598804928784424,0.040478969201330366,0.012388737222012064,-0.002173391877764664,0.028207284870709764,9.343176258624713e-05,0.04947081075713345,-0.041454936321481325,-0.0024997044851231,0.0006697171540013806,0.04389536764613117,0.008193455963226893,-0.004229516185615519,0.061132810588728166,-0.01470008063903245,-0.03340694378451835,-0.0023509241306244946,-0.0179671476434088,-0.026323264505933607,-0.030229713755212613,-0.04609394510039864,0.010127864690803436,-0.00019411447587573533,-0.010729392896595203,-0.009647254568020845,-0.0294945556813512,-0.03572572067720891,-0.007786528375318132,0.07936627738963269,0.010090459805582954,-0.04642538704232769,-0.007399786298151023,0.0006362075788726137,0.01583178051369078,-0.04247687109085299,0.017026104685336205,0.004358830507186548,-0.04550845812439644,-0.016866295423272625,0.02548816592015935,0.039812999645148034,0.04336616669147379,0.03695263581617233,-0.011831893403447206,-0.04032751772265178,-0.0049325310346423025,0.014200668972152225,0.04541681561370942,0.008699524755358812,0.007533447727645282,0.014456440145123166,0.5824059792578249,-0.023618563072321734,-0.03577480787487541,0.006826518874904932,-0.017691880544396663,-0.029902761540017735,0.024841911438589447,-0.007347019338179472,-0.061732758559412834,0.0038819461589328563,-0.013572246884521322,0.007382547408207897,-0.025143116802286994,-0.01945310695808926,-0.03409318066305065,0.022166305456497264,-0.025056725895049,0.040402923476614824,-0.01991848900433238,-0.002077060896025137,0.03739021187121127,0.0012040930324598788,0.019464525924862315,-0.002506488771689484,-0.028463841261305946,0.009012586261048327,-0.008219747699228192,-0.046540315168871,0.02649211590332932,-0.029222594463983707,-0.011682562032014367
-0.18876183862851537,0.077619913522584,-0.5270054544138059,-0.8521369236672619,1.9471462201693623,-0.048242854668877774,-1.4202531147983004,0.7596080405479645,0.14441206947246907,-0.42550759634940294,0.44898207492033837,-1.4627643081999386,1.5596349787290844,-1.4438395673122246,-0.0541698462982017,-0.18157104157645307,0.885861771983406,0.5686976561413976,-1.0675571895530518,0.30540528563055497,0.15012382224846071,-0.0917941589005985,-0.28060594165407793,0.1181701712767008,-0.16362745544793733,-0.5868283940254999,-0.19840968847277698,-0.04092802208597549,0.5019930846877577,1.4852700937756618,-1.0774774389709334,0.13306187890565266,0.12080359245485531,-0.9363919327936508,-0.27691022300336926,-0.06419987829992325,0.5935640036833547,-0.30584818382299994,-0.29402497955524226,-1.0881009301834637,0.7806135409816165,-1.2890940208906043,0.0010823026328163413,1.3136182023841898,0.46238637669014176,0.14208791995929826,-0.3977649973918946,0.9446452081059344,0.31890808109495483,-0.4408996442632098,-0.02220528834843851,0.15669750457882464,0.17478175972393006,0.6397837022455501,0.07688397864172786,0.30187733532949224,0.10256983604403265,-0.48446551913301744,0.22724336321787747,-0.9487758215424128,-0.7642019790498197,0.10492427414960537,1.1651536852052433,-1.3656984784062054,-0.9361048217844252,0.9939164076845206,-0.29426097260195117,0.4210724404545509,0.8893973757838641,-0.9676984189010512,0.97596844127636,-1.6095771555719334,0.5645865587523048,-1.1280967097795136,-0.25793261145014756,0.7131302029844738,0.0572006859755358,0.03392761741962871,-0.1314450084119848,-1.1793511250025817,-1.460715630657749,-1.414707276811347,-1.3324624543792576,-0.12854106246668734,0.22414490589578356,0.8570977732296965,0.6498843656057313,1.0455562491098933,-1.01481745951167,-0.9322184221653101,-0.4331420273850557,0.6925285788635944,0.3165226824171097,0.6153643400670825,0.7418968259612624,0.6666945583086312,-1.149378931419304,-0.3072320969776148,-0.00292126411402438,0.23234474640688343,0.14600351568072056,-0.7063173572733764,-0.5496923337919032,0.09315141605961241,-1.1470991115163744,-0.1746832132284247,0.08034171190604276,-0.11945522599771106,0.22575871138873127,0.5876877507261163,0.9308228586595415,0.8877733847239122,-0.22919889978304023,-0.6801401199811948,-0.6527614114208965,0.568829867122499,0.8619601758094992,1.2383627689040355,-1.6039204570934584,-0.6781398365089415,-0.46751504489474455,-0.18349076457983401,-0.16023025844617267,-0.9511296915342252,-1.6711689530425826,1.1361206133966408,-0.7337375742582893,-0.5967082514480369,-1.1791209943306962,-0.13318403870621748,0.6003536260800448,-1.0772492570863181,-0.3207047790976264,0.9879245497261647,-0.2087654902679346,-0.26166055881094824,0.4019676492461954,0.8622114397068615,0.009606233771685305,0.46040618288640744,-0.4449295684200088,-0.037120297322315296,0.7078574814023434,1.0919449566177284,0.09551690136856703,0.6716406558472026,-1.3876470663115632,-0.8066776647107895,0.7515375384482387,-0.43626706967577394,-0.5225346508529409,-0.46979163461971557,1.1100877322024487,0.11815102316861117,0.3138573546246479,0.9178907443327924,2.0966503977417816,-0.8350748853839395,-1.414290207654293,-1.2046953750188791,-1.1836685889432559,0.88736783848339,0.5616467867011122,0.6536738704314697,-0.5631416142248997,-0.7354461807697986,-0.3044927166267941,-0.5049292957284643,-1.1084441056476366,-0.023618563072536836,1.1530792761555413,0.3935584255598956,-0.5100234820567954,0.7782678352381995,0.9092534401352514,0.3572916944530638,1.075127776644764,0.33704467523753456,0.13340273035230416,-0.03362088254342702,-1.0092376080077452,-0.05310036348921022,-0.5142523520304175,0.8130910166066351,-0.7758850042719414,1.0811018762224998,-0.6014357753621936,-0.4454966995952389,0.01877726096223474,-0.4307895253913586,1.2809188034941437,-0.2844196971822874,-0.5481665576581978,0.5934575789510474,0.0629717572267353,-0.3632085898500549,0.35776746694446604,-1.4648481668453368,0.04918910268129935,0.08057231842198516
-0.1421999581506213,0.07119972594050104,-0.3307138029187707,-0.5852850845088095,1.321496754087926,-0.0243638954369609,-0.9759950868993872,0.473529940782386,0.08278011357969157,-0.31102736420105437,0.31132106803384185,-0.9992694988083943,1.0572962150845324,-1.0099144798327695,-0.006632911392342292,-0.10027788527833449,0.6450696776054602,0.4050533098261635,-0.7535709739758201,0.1971339551976194,0.06995810813270853,-0.05793704555692692,-0.16965752194031425,0.0890608537518682,-0.09715622862290564,-0.41760548086214566,-0.12710303581202398,-0.04324060824571698,0.3369248610568546,1.039065643329765,-0.7418419570264276,0.06766036954281794,0.11133059220230117,-0.6280758561906399,-0.2012342236470809,-0.0297647881685166,0.40075491978744127,-0.21613584699118724,-0.23815744715435974,-0.7514229224610437,0.5492435493520467,-0.9042470080141426,-0.017653903501631048,0.9289571301197231,0.31739674669603624,0.11005082566539945,-0.2813136351710011,0.6724123948271165,0.267329046852469,-0.34358018449175504,-0.015538464727368216,0.05860606846451162,0.12190989031275777,0.46037674835223963,0.047195825844195335,0.22009328247090693,0.07003867286434133,-0.3336469371582336,0.15745729934320774,-0.6251039221758244,-0.49869822967420097,0.08943736163191617,0.7998351729551202,-0.9421486756266036,-0.6413327457704628,0.6905770812101695,-0.19934147482140374,0.29273684251193144,0.6097151031971243,-0.6543173859570096,0.68092763832054,-1.110816462138206,0.40384848599272777,-0.7829442967056983,-0.18696872642412274,0.4862402448061948,0.024610474784649464,0.0011494102580957882,-0.10926430371474034,-0.742303380374607,-0.9855334380772104,-0.9671513965248352,-0.9099727020552948,-0.09467069286203729,0.15576708873734757,0.5843066810692842,0.450977048070005,0.6685994191514553,-0.6832362031216903,-0.6285243464871991,-0.3202875377277168,0.48140796135692454,0.2049897236574398,0.44679640422217576,0.5183035695923855,0.4595740910667635,-0.8124328363937801,-0.21513827177938827,-0.008748221902973145,0.20045582448657354,0.10428679739509052,-0.46478920160903653,-0.4295079462377724,0.07254176791761946,-0.7647832594834594,-0.09874626380650288,0.1082894627956951,-0.0521093231240284,0.15337572316629577,0.3726486797389329,0.6245258548840333,0.6265072550228842,-0.18526783547006745,-0.4450449001885819,-0.41842770412327956,0.4081973700191844,0.5818050470460594,0.8368245731536638,-1.095643107547483,-0.4717914569843812,-0.3034313300961992,-0.10214458136416284,-0.071613187384642,-0.6381935096363853,-1.1693999781698339,0.7883513262121655,-0.5472884587825976,-0.4155297336961607,-0.8229084463365576,-0.09106208012136058,0.40592498065752836,-0.7280113160271465,-0.2100739423910764,0.7062166811190042,-0.13133410278252014,-0.15938989016895788,0.2795551211161751,0.563392209365909,0.0022596295162974032,0.30345787583393197,-0.35358746485918396,-0.01568310718817053,0.4459586271250141,0.7363001704631031,0.050356837997822056,0.4320360846010868,-1.005760170607135,-0.4968960952898643,0.5375491466348192,-0.2864082575065814,-0.3638113845027187,-0.3335007779811694,0.7756704820521831,0.06383857780632504,0.1881738705688476,0.6400220916648206,1.4436957376153579,-0.6005906278093335,-0.9880219742806823,-0.8000097597155498,-0.850244205347267,0.5828079628109465,0.3583246385375817,0.42211534928769184,-0.38739981340936724,-0.526658001510703,-0.22654514332341336,-0.38967819704582,-0.764075506544369,-0.03577480787511177,0.3935584255556999,0.8179218789807291,-0.3502657320162957,0.5322639022091546,0.6224158805554839,0.26419363419583397,0.7303535957160052,0.24249029279474005,0.10235564005382784,0.012066224964238814,-0.6852110217889137,-0.08274503346880659,-0.37423654508444165,0.5667575188792537,-0.49843451612814654,0.7310326021770334,-0.4474349956179714,-0.3304813831004352,0.017561643875042946,-0.31068297947584284,0.8957158852159485,-0.19208658376915716,-0.3754677754735764,0.40767566169258845,0.08900082559843976,-0.252507968019551,0.21684353591483638,-0.995921562320914,0.061337258142652645,0.039132888331944254
0.14532799654061687,-0.05888884668716125,0.4338291285403401,0.7462229376211807,-1.6696317655275823,-0.007334586390287499,1.2364145808589202,-0.670174033312037,-0.09332292154428327,0.3372526291556769,-0.3965290687477809,1.2334942548354615,-1.323245895109467,1.2545331442359535,0.024001237963706533,0.10622942433506549,-0.7921248606442267,-0.5052212571990602,0.948656015429504,-0.26152395990195987,-0.11884419437914062,0.03121991930857035,0.23840568332184342,-0.10344878285423136,0.14632905614921438,0.5003847731876646,0.19309774893305054,0.018973978254161444,-0.4231029718000299,-1.2626840856542036,0.911651374094838,-0.10618751162138575,-0.09780487809658978,0.7649830888216521,0.20899148970060935,0.007758271932855096,-0.49645553159698824,0.29423131386281437,0.2505044835877865,0.953338958186025,-0.6503345428653355,1.0895806888800363,-0.005113101098628614,-1.1823211220632235,-0.3571912671568351,-0.1523903819189687,0.32791133429815444,-0.8082465466587477,-0.31582972172168966,0.4321889269678426,0.062163846234944226,-0.14681727228452945,-0.1290401242943392,-0.5348519472744825,-0.07447987143942317,-0.262768832234844,-0.10435326459132786,0.4507872428908829,-0.14111838958458967,0.8017209521676426,0.6293155539460361,-0.1130376926833351,-1.0295613199528355,1.1608682164505937,0.8428445177734614,-0.8745335260168534,0.2564479889613658,-0.36813718345076674,-0.7271294603501532,0.7690054755275386,-0.8870397513440028,1.3695611967088785,-0.505986314252935,0.9508154591688799,0.2577720519043652,-0.6080496623123063,-0.07193800248683076,-0.00877473829721068,0.14128167735455546,0.970713016915409,1.2231459425159834,1.222056342617126,1.0907820306434597,0.10034123266091588,-0.19370048727792596,-0.7119749453353376,-0.5663440302524284,-0.8407876772174483,0.8459341510903876,0.7909515361778205,0.40870193885721456,-0.5634884918846779,-0.21983786548634676,-0.49609762314812955,-0.6255997369198542,-0.5436016036904534,0.9763448568087885,0.28484224367871475,0.0030588640471449144,-0.209629709922878,-0.1174347613950989,0.5647301990692795,0.5319739331583077,-0.12252731979330257,0.99402184640338,0.14785569510489077,-0.07132038607281735,0.015337126386480344,-0.2174048211348083,-0.4716700839503053,-0.8041467781978179,-0.7898727505887926,0.20749189203902169,0.5358756575327935,0.4870323277179544,-0.4728254419254981,-0.7498579485729981,-1.0781433996352732,1.3355796245963578,0.5739927953073725,0.41679911730047253,0.09696118832255715,0.10619663112319284,0.7903246339243789,1.3987109534496023,-0.973869208172805,0.6829315387531874,0.47959242727807283,1.0133547878602034,0.07464683136030711,-0.5070249334678543,0.9063239029275052,0.27601585213376156,-0.8268235567968925,0.14859802936675479,0.1615550071052677,-0.33916347001684133,-0.7240977692268734,-0.028401438986387625,-0.38419547272129073,0.3647808315690467,0.014935626940049053,-0.5799048699760265,-0.9270050140745042,-0.05249263367409002,-0.5478878360370016,1.1901759012550261,0.643503757476202,-0.6223664146729708,0.33820981423567126,0.4318902001655604,0.4143239924220878,-0.9311741018270966,-0.08738956519096183,-0.26754522394981284,-0.8085403865380743,-1.8154824791774713,0.6997140469609779,1.2150480786851887,1.0166025332905828,1.054988622297151,-0.7593112220719185,-0.4257402000628694,-0.5498667347989178,0.4826011906364663,0.6701260219577222,0.2786573995599852,0.43855622802376887,0.928073490983679,0.006826518875103069,-0.510023482057812,-0.3502657320200931,0.9677031620602471,-0.6095105723318954,-0.7740038257012586,-0.31533047972277395,-0.9381198042507495,-0.2826094904616934,-0.12507521566725427,0.007590419429803513,0.8499535946597975,0.04343741943377433,0.3846979621039302,-0.691818848234018,0.70655029901156,-0.9054857403326968,0.5258824641463995,0.3826853449091918,-0.041810560512914235,0.36753498669984647,-1.1143941392914452,0.2259698845151749,0.4322380488898319,-0.5147066657622518,-0.04936019456891677,0.3355000981206894,-0.2833841777981486,1.27178495606217,-0.04293613105091457,-0.03646756672423518
-0.2822403778348994,0.12103742534706462,-0.623317603704325,-1.0588849694731515,2.511263091898579,-0.02599572970847344,-1.8667005038305933,0.9855922509808502,0.15339848499387687,-0.5539054523389804,0.566038222889644,-1.8933394985937246,2.0049228591937003,-1.8787063027044024,-0.07456354157217773,-0.16516827329923267,1.1854246173467264,0.7271579561353436,-1.4290804984771,0.35222034010654546,0.16574794434983245,-0.05934378090334162,-0.35309307663482725,0.14498724721410094,-0.18493276641661968,-0.8013692571341521,-0.28121412666955564,-0.0699059218805648,0.6672361283004922,1.929493063247669,-1.3920328723286854,0.08310814999010423,0.17793764353004887,-1.16817636555716,-0.39942976077999776,-0.04438445289830877,0.7440996120647667,-0.4370077763875087,-0.46061432015930964,-1.4365770125630704,0.9719604778437464,-1.6624390286251733,-0.04383538352647163,1.7078523549366562,0.5774705741232405,0.23505487672378572,-0.547499493400459,1.198054728523278,0.4657085516396997,-0.5623753832819929,-0.03258446692286797,0.20671107632562136,0.23721565532206915,0.8368686731463447,0.08825937941997766,0.4121686009262986,0.11944188988361867,-0.623207057820011,0.29557667281458405,-1.2046676603625732,-1.017286747247914,0.15664669201175935,1.5473605407652788,-1.8197493966460678,-1.23606955994948,1.3570308292968882,-0.3737923301275768,0.557014811530942,1.1351777007700163,-1.1999813764740708,1.3605555862087115,-2.104327980021143,0.7521306861020711,-1.4696397182154153,-0.35430044672352407,0.9341624050910516,0.043548163389975525,-0.0019857595856084004,-0.17005934062498873,-1.5212739973641696,-1.8790170782391344,-1.8056290823941843,-1.6604602428165358,-0.1752220507493958,0.2890648025182369,1.086632122435642,0.8010417234902031,1.3004601631886428,-1.344440209043553,-1.170779736973529,-0.6343020098103984,0.9177228406354261,0.36768088133814436,0.804882980567794,0.9513342491414485,0.8870381595316802,-1.5190394828007223,-0.4106506317656463,-0.003985506527229336,0.31250827535885917,0.19474123252443645,-0.8691214331116769,-0.730836357208929,0.1491344071519041,-1.432439629013354,-0.178959930083756,0.07816925802820014,-0.12413654835364102,0.3586255765142391,0.7334201988399394,1.2104343493983007,1.170947804583736,-0.3489508995360193,-0.8429839716817572,-0.7618649387638345,0.7464283762531367,1.0982449086621664,1.5904576493699778,-2.0642366546259847,-0.8627012497663115,-0.6268105025054331,-0.17827229725858776,-0.185109423070017,-1.1619907425036484,-2.123085996663903,1.4648592694706202,-1.0174404416216867,-0.7236500465580292,-1.5840061549849676,-0.14927431692424697,0.7637943180178378,-1.3196866041975892,-0.41293286649216543,1.2594392551445857,-0.2692441784594562,-0.3070936782520955,0.5351774003383671,1.114952416129647,0.05963182484430759,0.5630700111242233,-0.599200585678151,-0.032371852071236655,0.8789066306700422,1.3894880402623406,0.1077314958582963,0.8274204497063099,-1.8498264227117132,-1.0174494136325383,0.9540137495020294,-0.5002605768868291,-0.6896816732786888,-0.6106437242821581,1.4280919700443087,0.15585291560345446,0.40599488960464986,1.173248778023366,2.7660853681124697,-1.1324889076636877,-1.8533949514210843,-1.5043370687919715,-1.570497747914368,1.1329745936851308,0.6870626723518793,0.8500952127041999,-0.6972397409719698,-0.9994463273211857,-0.39996783470497616,-0.6750100982194238,-1.4048481313279593,-0.017691880544694696,0.7782678352356293,0.5322639022129202,-0.6095105723286852,1.54068338678167,1.1719059367379234,0.4454729769486038,1.3679484795448358,0.3817973948565323,0.17384868364321016,-0.0162334856191031,-1.324666478047766,-0.011697909637356355,-0.6158904413859645,1.0195940264243215,-0.9841748564933983,1.4003263147647842,-0.8380347970327899,-0.6043521604428851,0.0768783253164037,-0.5999807587167508,1.6725055665552295,-0.4040619492841399,-0.6813678927454122,0.8143364174530352,0.08209219001065239,-0.4372547854047911,0.4566686421859683,-1.8983127710162448,0.03741244394320694,0.06475746834467211
-0.2866799230026243,0.08624729901275774,-0.7511258675721294,-1.293641419703568,3.0333376467601476,0.03219121417406099,-2.215115899668214,1.2100200720380212,0.19300160324080967,-0.6355350140421331,0.6715540202964088,-2.302973896742604,2.4177169960059155,-2.2389442823469703,-0.04388977122859149,-0.21006895207465598,1.4077623203194018,0.9370755608582578,-1.7142567470877417,0.454519443987281,0.1697471665364753,-0.12993265028663104,-0.385293258740507,0.1544918585693264,-0.23488007199375527,-0.9578478607565413,-0.3418810104859683,-0.05054295541585209,0.7853732069314436,2.340400059762361,-1.6681613725365025,0.14375242764300591,0.21447981433603094,-1.4392626465457514,-0.45121118647997815,-0.008574992929858173,0.9073841415366779,-0.4948305796373862,-0.5236220303991864,-1.712650302803994,1.2211696879195513,-2.0410774967690775,0.005091238339429274,2.0767998639859537,0.6880398145356571,0.25262436277383615,-0.6210019269903663,1.4313918856509098,0.5287212338994006,-0.7049472182540399,-0.06621415245574912,0.24015280942022063,0.3221880681930024,0.9713133249889043,0.06567623628963838,0.5277935091398842,0.1073472410785559,-0.7892864011040782,0.3450408855197777,-1.486296044909571,-1.1788106474233697,0.16425450517090603,1.8454090458218573,-2.1733328060798454,-1.4627513037495548,1.6204643800524066,-0.4423731382429927,0.6429695112337425,1.442914119001085,-1.4702702056967225,1.5900721185077646,-2.4993284939434184,0.8751807365867594,-1.7047890435939526,-0.4223196669993792,1.1269861947051476,0.08353682981576498,-0.006997722798030301,-0.20325210078011444,-1.848718400234806,-2.2853110276751294,-2.23459294239057,-2.0805627866416776,-0.17699196369726627,0.36825159581047806,1.2541140113744798,1.0039390167095077,1.570349072869753,-1.5475811881082073,-1.4356474933082566,-0.7578927047349817,1.068515060039323,0.48807315170656285,0.937070191172379,1.1249216113833225,1.0530601232744818,-1.8213775006799113,-0.5038445407748714,-0.002096351598281934,0.3858310687650059,0.22319852320862166,-1.0923902373307512,-0.8772605252978277,0.2180555694268907,-1.7398465844556503,-0.24026312090449548,0.12252866098795961,-0.19275364552477176,0.3596647796807183,0.8451514849603614,1.4494343221298884,1.430396555970488,-0.4112183327684941,-1.0184610452138254,-0.9545424329466606,0.9146064108196872,1.3399567594073134,1.9531889406395364,-2.4725802969264796,-0.9968862012962911,-0.7318295074956892,-0.252939780236219,-0.20068122710140252,-1.448624909992726,-2.602310049455695,1.8275199594592177,-1.233271718574714,-0.9007951952653507,-1.8955166124037082,-0.16353071725713564,0.9191652285766817,-1.6196495418912025,-0.4988853121855585,1.5192229715723078,-0.3233580571222413,-0.39949297131670003,0.661021771666213,1.3533877479738778,0.025272343934448008,0.6765990435338445,-0.7322908504265021,-0.04394449220818129,1.0858460517336148,1.723478567478519,0.15141443307350577,1.0170548678669145,-2.2319427080602003,-1.2184636234908803,1.1547296219756558,-0.6653284772693814,-0.8310885539246305,-0.8005840939660592,1.716262416225449,0.1674844462500025,0.454354539591806,1.4410469744975605,3.355989027016134,-1.3308846205639817,-2.213549896656606,-1.8580523950472398,-1.9482801269125718,1.3827600343513409,0.8127587790414712,1.0507992302106421,-0.8606945862780988,-1.1900212511803319,-0.47282167712931367,-0.7848429313255875,-1.743017604680556,-0.029902761540363528,0.909253440133259,0.622415880561265,-0.7740038256979433,1.1719059367396247,2.0235751315659005,0.6239691174491101,1.6811348655352072,0.5206947133200468,0.22269840970987181,-0.03169012199159167,-1.564634527197454,-0.02730899610126386,-0.7371413097782173,1.2259319929482007,-1.2204121828871657,1.6395144117195943,-0.9624163817258711,-0.7177083353676613,0.0476369217488805,-0.6852558946950299,1.9599510544920724,-0.4585522527971436,-0.8778666926641557,0.9408241817984384,0.11357268151292649,-0.5822859812586514,0.4932621643796017,-2.283091589631575,0.06201280362903956,0.13721183493143094
-0.13294665176735782,0.0653797230608607,-0.35612779510455655,-0.5285466163152029,1.290020284347098,-0.014485766197418775,-0.8674298033924713,0.5132955620689335,0.10113451187301191,-0.26387657544060333,0.309803477187986,-0.9100760734213436,0.9739308657881723,-0.8905978477644766,-0.048185236465712065,-0.09994290265341525,0.6025441353495826,0.3594610524354234,-0.7022742566590497,0.17690287558477347,0.08977420235157534,-0.047564457529815994,-0.18900303592389314,0.10831425923460582,-0.09797703039318947,-0.4082758305541001,-0.1771355363743447,-0.015387251741304286,0.30094347609275196,0.9639094841849741,-0.6996906915768636,0.06319269084576398,0.07895734311620861,-0.5980791905329061,-0.18006286420817702,-0.03962888228668182,0.3542130628022704,-0.24712766118798837,-0.19479961246139335,-0.6998314781410276,0.48891244840342657,-0.8639384868578508,-0.022817951306383456,0.8209677717942218,0.26222680595084025,0.12045599015075834,-0.2724317074269229,0.6237599177878993,0.200971721073959,-0.28400874843491014,0.011149424863649296,0.09524582378125739,0.11340172139674916,0.442686791425774,0.026253712163537474,0.20279406052081872,0.09973650273379663,-0.32256164188713876,0.11793409594462077,-0.5912919328446805,-0.481435903076998,0.10251341447363654,0.768226235719846,-0.8756576982723816,-0.5976663385009295,0.6265244468593877,-0.22618821787812035,0.3018697302760702,0.561140194965303,-0.6097216330967369,0.6658048349024929,-1.0307908555698293,0.3596471176831843,-0.7126990083943744,-0.2250719049057171,0.45018476113331196,0.027811029609698903,-0.02629484371384915,-0.07640036345830303,-0.7411516444442794,-0.9343194657442468,-0.9357259372438483,-0.8867437701328831,-0.06214389874594148,0.11294631104403254,0.5386640925320441,0.4139077378628957,0.6447755314785754,-0.6587597279964165,-0.6060407929107899,-0.3031033686681855,0.4511072716576467,0.18716701790304144,0.37311758132650497,0.44717623053608674,0.41638866513059447,-0.7518483233749457,-0.2075214218640464,0.01685907989124724,0.15052439653789754,0.09553661934549534,-0.39633989648784956,-0.3987610929293283,0.10110488559421839,-0.7500865955088979,-0.1433018046301033,0.07134084118147366,-0.07256255386228194,0.17520827436716094,0.37938624378251434,0.6164838602144967,0.5896266347068178,-0.18614054598880625,-0.44395542428309404,-0.40393191013690055,0.40830934966938137,0.575343993983182,0.7871590084040433,-1.020451902191696,-0.4023735808883191,-0.3102979709667434,-0.10388272948272215,-0.08333610742454428,-0.589678310945264,-1.0983228197290513,0.7487601122173486,-0.5340137732865858,-0.35977356479257383,-0.7878651181347193,-0.09286100575089712,0.33610451025120264,-0.6637862764117236,-0.21382499260679827,0.6211404225955225,-0.14103800545836764,-0.1433223524822311,0.2572119444620559,0.550008341217567,0.03601712630751759,0.3009053738850892,-0.3135146394325268,0.002139546824195284,0.4314368008371406,0.7458169541405375,0.07571272847538651,0.38102357220991057,-0.8911538217951922,-0.4923349319550963,0.5099180387457073,-0.26784562764778314,-0.3241971313466038,-0.3323780896237707,0.6973754062623446,0.0934501619809817,0.22565292470609744,0.5647624490529225,1.3693084458456355,-0.5727190442606495,-0.9084515054484606,-0.7541498341535903,-0.8279557571502728,0.5642936642282173,0.3502705347121703,0.44693643838497127,-0.34622399142136207,-0.49847702122585136,-0.2098428169887337,-0.32461175052813235,-0.715384131313951,0.024841911438445618,0.35729169445335335,0.26419363419893843,-0.3153304797223574,0.44547297695080457,0.623969117450986,0.7684167538013118,0.6613751789017582,0.1783163184110995,0.08434234499135901,-0.01684617254135144,-0.6336177763776139,-0.01977011748490342,-0.3018493686934831,0.5340811266007608,-0.47100518623072707,0.6890438382001103,-0.37934303738289166,-0.3054083084886216,0.018514536650286174,-0.2891304246958992,0.8213497609119269,-0.1889386599077873,-0.31894622307954024,0.37418994728442034,0.05148684395767045,-0.2410428007574028,0.21731718474219502,-0.9535984912952912,0.05996513849871336,0.03453037101960535
-0.3399927991870911,0.1282963021734749,-0.9109700761487461,-1.5239852990946314,3.5727182413176353,-0.04621054530640529,-2.682289242276521,1.3826596886682676,0.19570094396942783,-0.7632674031063553,0.7868286192960099,-2.689029665732943,2.853719040966805,-2.658779793684206,-0.13385865903240862,-0.31064802216090587,1.651522385207687,1.0617455125283362,-2.0255992352665,0.5305976803932961,0.1991123048018398,-0.06272695044424056,-0.5052276835165891,0.20554449230764357,-0.24018873020431655,-1.1476523650163137,-0.3802147016937107,-0.1205038836069779,0.9150941116559643,2.762807758905594,-1.9624664317308236,0.169834693825996,0.2460937024001439,-1.6423355041642105,-0.5053507735438096,-0.0736628122526723,1.0359688835775955,-0.6187975192607977,-0.5878781330509705,-2.0834181526378814,1.4294705305094566,-2.410558535683568,0.009108221480405451,2.4259185431552286,0.8280928505684717,0.3357952550262961,-0.7466459257722404,1.6968391832601797,0.6178543808871081,-0.803893165643723,-0.04237521106207452,0.2989215650416056,0.34669290947871273,1.2294624806900554,0.09833599874582748,0.5928819521226086,0.16498060672875162,-0.9390517940000113,0.41369341781534724,-1.7658642054990474,-1.386476267614362,0.16746387701344226,2.2077666512319785,-2.564743595475852,-1.7571956004699016,1.8852419983492512,-0.5457133857861329,0.8064269579206842,1.7058297399100038,-1.7636067728741183,1.8767736321913442,-2.9419840689262413,1.04521475286594,-2.074098718093212,-0.5104111372983877,1.3728416374854138,0.10117644284588077,-0.005921779414072039,-0.23433131954180725,-2.1313637694839622,-2.6766214936678048,-2.6126153182141714,-2.4189963394299636,-0.2353495614470403,0.3781977925281073,1.5257547273198233,1.1743972789409547,1.8431934565023986,-1.855035942921694,-1.7071148613236002,-0.8289267879575714,1.2536276507728505,0.5230665748169919,1.1732725348721567,1.354887001306721,1.289438514501461,-2.1083391397102704,-0.5784754933679386,-0.060407511027259386,0.43846847026014646,0.26375620771274844,-1.2865622458758685,-1.1128130141533343,0.2782521246387628,-2.0980640911093427,-0.3009341289020668,0.11561921308907584,-0.22103070721056636,0.4646021990018747,0.9795479746256944,1.6925367833082323,1.6160669298165915,-0.5015421465985297,-1.1370572088830364,-1.0978949915987883,1.0472680451234184,1.5802520393491744,2.3121424326144027,-2.96047489485492,-1.2544718018792644,-0.842722070192672,-0.25463430040814183,-0.25250076643392927,-1.7261371353143848,-3.0172913547609914,2.1602287158669635,-1.420325418223824,-1.0473798992421013,-2.223822123329226,-0.1855626328242481,1.0782503598426358,-1.9259665935386165,-0.5800657211201894,1.8001893268426565,-0.35871039926547826,-0.424250046252246,0.7837196342505405,1.5571593710959435,0.03795529272339719,0.7982879465369569,-0.7965877993396452,-0.009452434639997051,1.287618541859171,1.99970490036881,0.15312029238653385,1.209997640893361,-2.6433271237795566,-1.410978012197254,1.3550817422937353,-0.7458399996223486,-0.9877901842945542,-0.9077774403961499,2.0241444651248126,0.20088439981415931,0.5428742254716102,1.7174736510495607,3.9882204724857395,-1.5807148737438157,-2.6287516829711044,-2.1900326477621475,-2.2969664999627915,1.62547587186276,1.0302488804638434,1.2037019055962062,-1.0015765350012547,-1.4224899588342514,-0.5519411142968168,-0.9810286389449575,-2.0348864359760848,-0.00734701933849324,1.0751277766448073,0.7303535957239878,-0.9381198042488306,1.3679484795498589,1.6811348655391953,0.661375178901271,2.506849815334158,0.5972040917183732,0.22991217658325028,-0.020731660243153344,-1.8168434640774929,-0.02167981901036152,-0.8939584575907257,1.4832356356869179,-1.4227074883131885,1.9806139521261057,-1.1442118408859012,-0.8173412592936957,0.11807854714930767,-0.8543326308563953,2.3835884232211924,-0.49648444002205633,-0.9630101697546387,1.1125020105704055,0.14883518967977247,-0.6969748095751962,0.6469014878677036,-2.6733716537506647,0.0815948439000646,0.1354046630859256
-0.08801225729951273,0.06500950995887045,-0.24741992890930237,-0.4655818812759618,1.0521762362666842,0.008458110182580985,-0.7788333230707427,0.41853027142962224,0.06363794623675992,-0.20105870067288725,0.2463717606477637,-0.8370290077172602,0.8286063152282115,-0.7750579401025594,-0.014124201273759178,-0.0789294964176681,0.4530138411200302,0.3111715476528639,-0.6111615820750874,0.18562542620451797,0.06932873182827204,-0.039540021497119715,-0.15773757285762358,0.043796382152749266,-0.07510025508492832,-0.3245773716074799,-0.13671312484958,-0.04004720472275082,0.2734928763337231,0.7918883213918041,-0.5471072514030194,0.05116133415500627,0.06394256107479865,-0.513655901095377,-0.14245166626943206,-0.011078292640560174,0.33296969312671776,-0.21943155625920063,-0.15825941213076306,-0.6080981920646695,0.39911912118994525,-0.6902946284737609,-0.00040575962183428405,0.7273223810437965,0.2634965295930753,0.10175434858175406,-0.22306042385359914,0.5507259395401058,0.17204237433133207,-0.2107382564349877,-0.039354264399387516,0.07662830001369664,0.05406313651041174,0.3718640903736918,0.026808368631132992,0.18486036595710786,0.05094917940209259,-0.26304980203226536,0.11239878761605136,-0.49992471598560634,-0.39793398564039,0.0807545547102314,0.6303258649049504,-0.7674265898735715,-0.5191184915822278,0.5209958186941839,-0.15916515582999904,0.2265761941665263,0.5042406548262887,-0.4866861093467484,0.6132687062120368,-0.8846512578358676,0.36417858936703207,-0.5960343902845363,-0.14449761367967712,0.4157307511400332,-0.04158593368297656,-0.0094671134077247,-0.06289894929331474,-0.6595013996749546,-0.8199659156522634,-0.7840610708644211,-0.7089188775881969,-0.09334167334866597,0.11180126877307932,0.44748767243384996,0.3288862297527448,0.5268476323789215,-0.5638761505765768,-0.4978424135539742,-0.29158938158799674,0.38960808006868825,0.13497773073213445,0.3376872310149911,0.4058791391162606,0.3437754461755499,-0.6042042887678607,-0.17432721512645366,-0.027275141542274308,0.11484385980167665,0.07049333390201218,-0.3829177023464075,-0.3263705156043856,0.11857115334812712,-0.6291898450917975,-0.07438903499448338,0.016449532762731145,-0.07760691938289903,0.14082628637341083,0.2991665967971034,0.5178968761708111,0.5116953169358994,-0.14676534482754175,-0.39505157683144676,-0.32087577907126824,0.28675940273149536,0.43877886159795076,0.6525406342981681,-0.8869391212885657,-0.3493740250039255,-0.2784321798840358,-0.11968677006945956,-0.07595459388944462,-0.5056191798109058,-0.9022252352083471,0.6335734616942357,-0.4538663218554538,-0.3087889222019701,-0.6445543684895788,-0.05796712791125733,0.31783491908512473,-0.5519134898524836,-0.17389139146353028,0.550288987686591,-0.0877922893483145,-0.18315656189603025,0.2507404023625335,0.5101077789549099,0.04079271923905619,0.24251915105584823,-0.24223797739150957,-0.004876569676507351,0.4129296441384541,0.6025704767298522,0.06318156288183614,0.34587222368061016,-0.7930120665389371,-0.4452899305264048,0.42831833273407494,-0.2098615411590336,-0.2920734210486383,-0.2740234408610222,0.5992769741078375,0.02949609129772815,0.14950016164515795,0.49708513499960943,1.1621109694380642,-0.45275032298917106,-0.7583327457315312,-0.6268026282075179,-0.6762929592845428,0.4744512796113453,0.30434803009653216,0.3620417519551233,-0.28148247442617513,-0.4190104770286847,-0.19959319338324802,-0.28465685942208974,-0.6121993923038297,-0.06173275855944792,0.3370446752393138,0.2424902927986457,-0.2826094904625453,0.3817973948606224,0.5206947133242795,0.17831631841214376,0.5972040917215367,0.7283584071479898,0.0974796594000832,-0.02062499574368818,-0.5229314349225808,-0.05658523474766566,-0.23878935052482805,0.444717789877553,-0.4334235109845901,0.5709706462765468,-0.36594385189384043,-0.2752532458207287,0.0024848960707899107,-0.25766922352301647,0.6991507127735185,-0.13761263179561192,-0.2658119896814405,0.32461489463581306,0.05927534822982056,-0.1992074094921646,0.21274817921691744,-0.7884849221262714,0.02166032708753006,0.02318988874979578
-0.03985764916307509,0.020301609778895967,-0.1062724962227089,-0.1903869505480355,0.44930694101592816,-0.0009809856268579724,-0.36304320689858116,0.1752662203910321,0.029300443259884096,-0.08999526985461545,0.10333292278428975,-0.37837057580895156,0.38403725147485596,-0.3202015681123127,-0.01568719370033837,0.00023332436710304244,0.2017514370715543,0.1276493203599452,-0.27769164931365614,0.048453023506938045,0.002040589091448439,-0.0037470321453576295,-0.04146182623590345,0.02154235874329176,-0.04200805249344735,-0.1763933078980443,-0.06570942207467947,0.014616128692247331,0.09844223316053721,0.36396582084412127,-0.2172380692709143,0.04324488136294869,0.06308509080571136,-0.20456873365959657,-0.03549609848105528,-0.04355911903037469,0.14539157116934567,-0.07686210676634156,-0.11764160683365775,-0.30853250283992517,0.15081390910780457,-0.32541291116181864,-0.04074724498794753,0.33427685888347763,0.09311200287845627,0.009631900426604265,-0.09293134291329136,0.21674413192590264,0.06968475923492917,-0.11976228213914074,-0.02074660862554123,0.034936622888835984,0.07523663588375151,0.13592617272203647,0.028067490661383594,0.04368488097761835,0.03585789270347911,-0.15414268299531134,0.048461177474878825,-0.2309744315712505,-0.21838864228742438,0.03903304279699418,0.27593918620696734,-0.35327080605730626,-0.20295039532199252,0.24483720823928684,-0.05282527476263797,0.110859911829659,0.22139741781063793,-0.22342263162945822,0.2548955523890279,-0.3463887353530029,0.12951224119353297,-0.25460456094848566,-0.062314192194161684,0.18463191006119395,-0.0049568993294531495,-0.012208082495967484,-0.037537000543431294,-0.2564142469465854,-0.327176278166755,-0.3260808423406173,-0.29409906147406273,-0.0449358157562288,0.041250428630974986,0.20385061870085563,0.16176166247057608,0.2132064675628629,-0.21947151222436734,-0.2607632508751861,-0.10747491340601331,0.1636519296154998,0.034816654399200876,0.1237583310273107,0.14143727228284184,0.19119088421264044,-0.2346336831441483,-0.08259915139372434,0.013072531921925624,0.07447079425537033,0.017148790485659773,-0.13848603558995065,-0.18427590730694582,0.056564329887692735,-0.2624116800801977,-0.0652829930420597,0.029645986457357405,-0.06646029272590005,0.07144649531951615,0.1288855498840321,0.18702377641160728,0.16654069895973633,-0.09269610785488598,-0.1414136059515202,-0.13951731649711735,0.12968560701642678,0.22335490575878028,0.3199632125454804,-0.3762774716484479,-0.1578528390126042,-0.14665749551730234,-0.05815150977812522,-0.0017821059731220577,-0.20957746123690893,-0.3936046302981483,0.2701576379186025,-0.1728266263539361,-0.14072341362821872,-0.29897817583577413,-0.007144488827151619,0.1337106769315185,-0.23903513638559085,-0.0744525158058737,0.25313638336196614,-0.07498920894653537,-0.059241728152816225,0.09252460853678127,0.16086584210341356,0.008471883531751774,0.10665962705327012,-0.10307963978383325,-0.04936701781247531,0.18712642472946683,0.28377537022670124,0.0543847491543728,0.17987287575226132,-0.32446062003043874,-0.14155948937890883,0.18186089048617954,-0.11688779250815268,-0.16865664680465026,-0.10938262066864508,0.24226452033379892,0.021433136577673144,0.11563666479315753,0.2572569645754966,0.5054354338746104,-0.20984892797958415,-0.3340515999540205,-0.2618936854460909,-0.2823571382581053,0.22835295690338228,0.12928176754305762,0.1378362344986219,-0.15028018568301219,-0.19158513511237069,-0.08776935764224493,-0.08615311534428938,-0.261134501379856,0.003881946158861711,0.13340273035252956,0.10235564005558061,-0.12507521566720445,0.1738486836444581,0.22269840971090238,0.08434234499139275,0.22991217658345808,0.09747965939952477,0.5759490350845202,-0.0037985018720962903,-0.23689592449913274,0.005943440070806456,-0.10691610128196236,0.1862164751673138,-0.203205560158389,0.22791387706645508,-0.16522659854951122,-0.12821773825778315,-0.009399731239142485,-0.0951057839764234,0.29502521718093133,-0.06178251406887107,-0.1496832179741251,0.15595747601592397,0.05725700677618671,-0.11137564824335114,0.09327320005559701,-0.325651684416119,-0.009445751171098991,0.020517882275520212
0.0032752211140029434,0.005276946272627449,0.022844609078814034,-0.004027474708592216,-0.06990824963783632,-0.007033633469924571,0.005194579398099624,-0.015503429153426786,-0.02170558036319846,-0.029498178343937084,0.014822833093180917,0.026481609964823186,-0.02049888828156909,0.05708045985111986,0.03512158218502387,0.003378613429248481,0.0012238270373224292,-0.016626925086240914,0.0029904309735113367,0.015763419802201164,0.01204873731258596,0.02039330356655496,0.0159520545660266,0.0038469258264527163,0.0027736512943741295,0.025915638320955035,-0.0057001213853648414,-0.00342595539229273,0.005020521139902006,-0.05054410853308127,0.026573802160043073,-0.009635918039135367,0.020764750307616896,0.023319968699924528,0.01917082607620555,0.022556976314695606,-0.07288353645219796,-0.011965570806352266,0.028075523144304365,0.06350598874656052,-0.009302240290695174,0.019441983798608748,0.022913175344320236,-0.02820521658650509,0.022312943877329218,0.019836395614416028,0.02926844305760378,-0.03244223540380191,-0.01511935489415868,0.03338273123757062,-0.006391026426890074,-0.03901919760762196,-0.024588869734315226,0.013975869098044623,-0.01902352530137673,0.005191983309752029,-0.018622260161985708,0.020997043325316427,0.0005773179282476716,0.017246823764829666,0.004566835737321795,0.013294293970271652,-0.025890884825598606,-0.024015981226979906,0.012627160239014487,-0.021918718651797276,-0.01872611731368554,-0.03356339958955799,-0.01776745536780954,0.017503140706085947,0.0030439340618202237,0.016717171617429624,-0.008184155985151263,0.0042015632723515,0.013603682605925344,-0.019217234178660118,0.026984746165792797,-0.01016929629158768,0.005590629682789696,-0.00033857429545719616,-0.014621669067566682,0.05245929284248224,0.026410911143562785,-0.019809970351265853,-0.017680321192746623,0.009971699450322072,-0.0064772451509246005,-0.03616296657102038,0.011278558322430916,0.018706785638216726,-0.008903807675676553,0.015742651297581317,0.0007940215588584256,0.010483239269487523,-0.0008607421761091181,-0.02462400671283583,-0.00867558982418024,-0.03326736336323384,-0.011219535313292632,0.011917946338038206,-0.025239175661263016,-0.003601842558950064,0.029683371803131273,0.0106825475849548,0.009243475274613888,0.001138948209805011,0.014413720794947639,-0.000418906130193821,0.00437082037699221,-0.005147266273568654,-0.04387196916245083,-0.034438510600039385,0.021383907245237577,-0.010660979899228228,0.014806773010135096,-0.020682933325929655,0.010087956152013574,0.003493672844837706,0.06015073811868309,0.01226556210177417,-0.03929153733355664,-0.00024542796237800833,-0.006710208971097483,0.00894524082319696,0.015849018986160535,-0.02471537505194699,0.015398101322382084,0.03008863172334266,-0.0003776858005226911,0.02512939546264363,-0.011420682349356006,-0.014623273064412703,0.000293822350471045,-0.001968419019316635,-0.01693346229456406,-0.020606850574753727,-0.016956362203434973,-0.011994482775209902,-0.01124558004293896,-0.0023223699148031064,-0.031492430193728174,-0.020923066785454913,-0.0038090466255500622,-0.025685088021544053,0.005843921908906175,-0.024105001714086263,0.01921456219081653,0.016665437754273975,-0.0029114253109968676,-0.027203008100312183,0.04061337275926095,0.028907007767156098,0.0032126881071141396,0.024166967756939686,0.006763906455199106,-0.023811276077142843,-0.022785370805696308,-0.0007765622994292824,-0.004081905613838337,0.02890643457960907,0.030893781289978463,-0.010606957695540127,-0.004767644676270908,-0.022901672509871338,-0.0056669287029091,0.02927499403519885,0.01515001996793976,-0.005627145618708475,-0.005727278395401903,-0.0135722468845217,-0.033620882541388085,0.01206622496585605,0.0075904194279370505,-0.016233485616225302,-0.03169012198826698,-0.016846172540010397,-0.020731660239464086,-0.020624995742737042,-0.0037985018715640975,0.5650790807669461,0.009933101158727446,-0.027725173086048892,0.0034120292613668696,-0.004062109986344718,0.014526079941920208,0.003986847401880154,0.03915106684566936,0.039417836541913255,-0.03705743155187982,0.0010398877863601267,-0.05063961350525871,0.03143755178193304,0.005158459186468074,-0.0077272710044154315,-0.013004871975123082,0.002802689093032299,-0.04419254331611596,0.001246389043686959,-0.007504713659188794,0.005821369039772496
0.31716077369969853,-0.10601485567175205,0.8586756822115191,1.4029645112181197,-3.3248926173625875,-0.004325137998621359,2.432673314212486,-1.2894639503594445,-0.22554063031018728,0.6898880290909547,-0.7347206433013654,2.4892972874459867,-2.647595225114032,2.4217849621720786,0.044339183212091335,0.23912987836220775,-1.5409980323205017,-0.9647775599137455,1.8784191907876227,-0.48820140316960103,-0.16401391987879843,0.14292518988687103,0.47472411336384657,-0.1573911148959457,0.274684310945353,1.0792264821051607,0.34447768093406494,0.10921731868316756,-0.8537113383961489,-2.5491259395119372,1.8199756082585508,-0.17828099959339852,-0.2254344372731048,1.531038937922999,0.46174045025309673,0.06535937927067456,-0.9743843803212406,0.5766229670134924,0.5323620932579569,1.8609437879716468,-1.327375588403573,2.2433365990301817,0.047648252417170196,-2.243980931910284,-0.7140726153217225,-0.3338192796287805,0.686591838263376,-1.603875449824234,-0.5643884393830833,0.7416475480774093,-0.0047998391907966564,-0.2875883077247163,-0.29960579981903834,-1.1151548702330054,-0.09644030564591613,-0.5286948375593933,-0.20811422335344537,0.8561249650862613,-0.35828467249703544,1.5996536844651044,1.28800849664663,-0.18332251874247277,-2.0219258691784514,2.3349123305007047,1.5784912718818243,-1.7425054705241148,0.501482458828175,-0.7144250037153071,-1.5663629972341833,1.5960381157522003,-1.7346631906134868,2.7387265915804937,-0.9667964265103135,1.8996115139481307,0.4481763532432962,-1.257461223884196,-0.0942751564242131,-0.003511362927040025,0.2252437983460127,1.9949743729984986,2.463793539776247,2.3876835908764713,2.205621842776784,0.19914932959211226,-0.3979501118493176,-1.4346681273376862,-1.0642118670891931,-1.7174238429927837,1.7501785489794308,1.537227239174237,0.7493527133623521,-1.1485010680656542,-0.5304005158966605,-1.0395522197888434,-1.2468603833830436,-1.1483841031948843,1.941785765146538,0.5275708995509906,0.051653357373303885,-0.4347291559559226,-0.27985884196807154,1.174028688529065,1.0011915635753914,-0.2658170005666448,1.881627828158248,0.2446841674532781,-0.11948804666568642,0.2201995641848545,-0.3894801076288398,-0.9488185388285132,-1.6308842074224719,-1.5371072058232635,0.42320350220217556,1.101432340895426,1.0096948339997225,-0.9930770246955528,-1.4807440414725903,-2.0683632662423905,2.737280277655315,1.117346601136662,0.756412587370655,0.24531448988087307,0.21530689011738913,1.5686780778154905,2.8225215006481426,-1.968425549987682,1.3173113991894012,1.0088925749235835,2.0303075009262512,0.1773944519726669,-1.0227641376144287,1.766048208262439,0.5357238664418448,-1.638593106147471,0.33974451178856974,0.4099941844098731,-0.7298887441236304,-1.4250291436422389,-0.061179734392514985,-0.7658381276558386,0.7568159928661966,0.05114795834484871,-1.1948848993841719,-1.8766363987462775,-0.13918596780651504,-1.1005869207420904,2.415846178294744,1.31046602548988,-1.2788749318192485,0.7022349843398614,0.8959601183959105,0.8359721841558012,-1.8722552799335284,-0.14789317767623136,-0.5032165436920759,-1.5962360768157613,-3.588291954147214,1.4066173620607891,2.3827368422835122,1.9981439701945116,2.083654357208705,-1.4817890839119572,-0.9208212308556959,-1.0889433460035849,0.9093328619792997,1.3260631618864849,0.5340110145597179,0.910839003832809,1.8841965812026837,0.007382547408592779,-1.00923760800672,-0.6852110217955677,0.8499535946572481,-1.3246664780508952,-1.564634527199226,-0.6336177763763267,-1.8168434640753477,-0.5229314349187214,-0.23689592449832347,0.009933101162393876,2.2666881726109267,0.058393566288722026,0.7782787366726234,-1.3198068381280728,1.2836580063611922,-1.8003194761663162,1.021313605022803,0.7612970368381167,-0.09909688270009688,0.7598640801877788,-2.1617328217129046,0.4961610957441398,0.9042818701702183,-0.9873027661369009,-0.17290339082800205,0.6284626329294808,-0.5720002586849576,2.4727080749009085,-0.07571129552659092,-0.11308325071225822
-2.6655375498693006e-05,-0.02767263404174342,0.04230334240603257,0.03373185873776427,-0.11572600089879004,0.0012171779231813218,0.06956226368935772,-0.022436184927840042,0.012806442119577365,0.001009250398349657,-0.047329550090227,0.06969795830190295,-0.09625799720530542,0.0538827374362434,0.018687285533320747,0.0026359831745582357,-0.08265485340461753,0.011450624562199736,0.07060841468930386,-0.03594180824514117,0.017232631857321077,-0.004567701336058501,-0.005876874662005055,-0.016866712958673823,0.03262547072504014,0.06473389062352279,0.007638676693303471,-0.008632190598277618,-0.05976105081081711,-0.08395901407329744,0.038759643921275566,-0.01344323121493573,-0.009405263543102015,0.023655106837312485,0.02807549556218054,0.03326788219134706,-0.042570174623110066,-0.0001886910886258591,0.016435364521672557,0.06029705643647887,-0.040791830427967135,0.05935696764654292,0.01608679034950852,-0.09286842630778058,0.0017042555698119596,0.011288102158321135,0.02546439936374706,-0.037494909653891524,-0.0012076281691038352,-0.004738228150090606,0.010665311240745608,-0.020503433614607856,0.008573173135356988,-0.02187833152461856,0.01549596785770847,-0.022978418647638818,0.01598300503173762,0.01528079392726191,-0.026958307395957955,0.05389996988763515,0.06545705736666955,-0.01680920380678407,-0.06308919341741952,0.05336498108897243,0.08041692532430385,-0.06320074283062868,0.00466596709177839,-0.05003890542939554,-0.04916867832010594,0.02991455815841931,-0.09260257636419385,0.04338862209288566,-0.0667238442072115,0.063250421135124,0.024114249838505367,-0.02011348157454379,0.020002484146917524,0.0015088919046827476,0.0498905713685635,0.028774087329199054,0.08426528303689242,0.05771248611960109,0.040556603903426566,0.020018743828685147,-0.010842297154044285,-0.008531126564576453,-0.03544276681831696,-0.06331631163303274,0.04369064304900509,0.04284311654223665,0.009449573613716263,-0.039075356013718185,0.013337881111311027,0.005938219684871272,-0.03055868901332716,-0.05706645435238843,0.09628297995150804,0.038487825802614575,0.03764180212828717,-0.0024717199664693336,-0.01381507243084164,0.04079143623383162,0.0031393523831053454,-0.00525045787673363,0.06740680805195168,-0.020545092509723303,0.0037405529296439676,-0.023595374458165373,0.05077659985731071,0.007371352698751309,-0.05443031857623911,-0.01046122209650667,-0.0009170327728812253,0.04053644453413523,0.05562090431411314,-0.02008099979671557,-0.023062963753076225,-0.031590104331252956,0.06683289562121689,0.011772687369844274,0.007657070149568159,-0.015319415602317026,0.0413203443140893,0.05460305010985197,0.09235297315999685,-0.08668886176261334,0.04081593317375241,0.028992584702898373,0.041846475239795115,-0.0018649279445634762,-0.02502160956172664,0.07635927850095317,-0.005619559703304908,-0.03880538029000414,-0.010002015444496786,0.03039284330705714,-0.036338640658278895,-0.07733033317877688,-0.008330398400783801,-0.005876345777774497,0.022904298619804864,-0.038842505893622634,-0.053673677969011444,-0.04145260204940897,-0.02943895788678501,-0.046528633852864244,0.06292399101534127,0.011297302537647654,-0.039070678855306906,0.035073178646754535,-0.01169113025443726,0.018098770482919607,-0.0696912415142183,0.030564353162617842,-0.020996863758050925,-0.04726977458498162,-0.12175821094133339,0.07333796914157223,0.03281352726700957,0.06093662217230689,0.0685153573271482,-0.029144976693162194,-0.04366106249923585,-0.08209341197263952,0.025463308757967575,0.011827502190910834,0.0444566239848098,0.014135453407236563,0.08942884606297856,-0.025143116802259353,-0.05310036349104393,-0.08274503347027475,0.04343741943518183,-0.011697909639858442,-0.027308996104419513,-0.019770117486128412,-0.021679819013743638,-0.05658523474858469,0.0059434400702834,-0.027725173085955394,0.05839356629196567,0.5101333067845761,0.02553884089595537,-0.03509104651888043,0.02803984313956061,-0.04534542220773687,0.019825940090359973,0.02369573003274603,0.015458144861410616,0.018651033060921925,-0.07508858512313168,0.04859406678882219,0.07102888131671446,-0.01911922204941139,-0.002501577987237596,-0.005706017785007452,-0.05585625597913894,0.03386069061414318,-0.0062254566173688755,-0.04424409356938089
0.16319876523063132,-0.059313448362298044,0.3916403169353502,0.664860061483556,-1.572313277606981,0.013389571470321413,1.1476026511349582,-0.5805326880647442,-0.11339719898033328,0.32542081359128555,-0.33978980616937565,1.1844088226747318,-1.1706903790831995,1.1228460098015396,0.026882371512167325,0.09856471534037645,-0.7231358493578397,-0.441680341812958,0.8470860504771602,-0.17475799905714412,-0.12449619244924262,0.06914135983149063,0.19792281321343871,-0.071809455105464,0.1324501225476128,0.49788139150708977,0.18929603404615797,0.012804024994161209,-0.3870521562591678,-1.1986391820448103,0.8820900676630972,-0.08952229402816338,-0.09092379037096378,0.7269326862097484,0.2166378734500952,0.03947112649292675,-0.45084023632436415,0.2722714635753547,0.2583774931456668,0.8550816072718216,-0.6156978045180643,1.0269928292168333,0.017704450790472705,-1.085501196252454,-0.35154555009818095,-0.1321551899098007,0.3367001386354025,-0.7291201297133256,-0.26428435639703435,0.40530951122103065,0.020567696047988873,-0.10080844043426931,-0.14391513009427426,-0.5100330809983482,-0.035463295661172685,-0.25115337831407836,-0.057089069217266315,0.3789791428832081,-0.14809507107943642,0.7427991961879243,0.6013577728595818,-0.12797612911535722,-0.945035989194378,1.0901446096194003,0.7308407114555737,-0.8618678035935389,0.23008131887917957,-0.3464955515890644,-0.7208235645411638,0.7078282014234463,-0.7924360390823242,1.2619062847376243,-0.4785271526758852,0.8831967070997497,0.19135637071283554,-0.5962819230705025,-0.05957257058391277,-0.020406870033371695,0.07847202166478895,0.9107285359873096,1.1435323310240675,1.0748795331340382,1.0035034652960306,0.05526061141803711,-0.1749938395475923,-0.6867639003335473,-0.4677860522752917,-0.8148679302567888,0.7602989545796556,0.7376208593543491,0.3865880531005316,-0.5463744957548483,-0.20676730078232242,-0.48634731514922386,-0.5459712201288358,-0.5428769620497286,0.9333720730517742,0.2679473319071447,0.028777109652597894,-0.1777533673329878,-0.0905408053622471,0.5016397211997925,0.462007605843461,-0.10732721139424417,0.8652981557894549,0.08812504359423165,-0.06283485382864959,0.11343549020477932,-0.18759463289504968,-0.43881572628719917,-0.7488904320579377,-0.7236569879708306,0.2421040087176185,0.5313253318662914,0.48241405523983155,-0.4735242491971041,-0.6837134812668964,-0.98056775897801,1.2572074390597252,0.4993204476829437,0.42174019814307684,0.1410769823126552,0.10102157451272833,0.7310578497187957,1.2996570087534043,-0.926112854954839,0.6076240821122809,0.43150894496327313,0.8904040730423861,0.07151620146349484,-0.46665429684708865,0.7976526752325094,0.28054216889153244,-0.751360592932138,0.19625247005540034,0.19183772064861376,-0.339031024444306,-0.6792288652843126,-0.022985651086069717,-0.32648667395677333,0.3439964055613731,0.022761446689184762,-0.5654010749596099,-0.9025851363550407,-0.07800989080840083,-0.48873070763952475,1.1546336062539782,0.6024985676706475,-0.624633637742414,0.3325666454552101,0.3618762662313537,0.39473697654889994,-0.8742009031693031,-0.07393855261327253,-0.19916511722695251,-0.7754535426596499,-1.6780649120680124,0.6875155749855443,1.1101544740747389,0.9097144870473803,1.0024210912826117,-0.6954968859540965,-0.4299387459005295,-0.5271020673168474,0.41291186762273474,0.6287391041665942,0.2516558380484766,0.4333242102743891,0.8578426676418964,-0.019453106957964338,-0.5142523520305418,-0.3742365450881191,0.38469796210324914,-0.6158904413883293,-0.7371413097800277,-0.3018493686933323,-0.8939584575907185,-0.23878935052337463,-0.1069161012818299,0.0034120292628826154,0.7782787366737242,0.02553884089454815,0.9604321415860181,-0.6211838928185122,0.5832249132112864,-0.8250957302477152,0.45600244043622123,0.3775863879673443,-0.03870123420123238,0.35142953079159395,-1.0253193766187478,0.21407727382705555,0.415419725287886,-0.47074391006576677,-0.047998168351748416,0.31164434236358285,-0.2527425783055628,1.1295530160509857,-0.014372925264813978,-0.03020611160236496
-0.24854550547876217,0.10757201772078138,-0.6695385886653124,-1.1138485117445631,2.6568498814962718,0.0047986294933962115,-1.990719098508349,0.9944344504203343,0.19264096124049962,-0.5599241508089532,0.5927896970177988,-2.007780049483363,2.0881252650138826,-1.9238884517845178,-0.09521362795585957,-0.1926167797096458,1.2156293244614147,0.7714812944654642,-1.502138530609421,0.35740733783334727,0.18117196751133893,-0.11492435242359555,-0.36332871179394766,0.14270953727135138,-0.18151657356741216,-0.8636773891742289,-0.2687533741223391,-0.04206269863760258,0.6515087489971094,2.0539415721323886,-1.473744380828564,0.08405345323101576,0.16235056592414523,-1.2261620815638536,-0.3565144065838318,-0.05827541021890021,0.7642596343069347,-0.4442719237684224,-0.42682315482613886,-1.4998570511244964,1.0336501092629282,-1.7566015509981454,-0.024866087907302582,1.8404128456869997,0.6151427071829638,0.25566032930694904,-0.5700678382809597,1.2794173314865418,0.4817561479065422,-0.6038689513757847,0.018353823854006864,0.26452767399976246,0.27119591212556704,0.841742228436209,0.05627423434367793,0.4176027296831133,0.11384190518603485,-0.6861237438862962,0.2863582835725489,-1.2528689630469276,-1.0321281972443703,0.16491678174051833,1.6354801024644443,-1.9034159641023534,-1.2679604575567731,1.401828496266153,-0.41369333624847326,0.5589097438659077,1.2088119980205645,-1.2717830837240176,1.3543836387646597,-2.1466312504799627,0.8007921270829269,-1.4736807340212674,-0.36810335465728955,1.0027740748813865,0.06476641475680392,0.02864446676317088,-0.16589027956178165,-1.5533423440290413,-1.9953343254769729,-1.9619815927192692,-1.7823004828871643,-0.16924972985447484,0.3063944736489451,1.0924808171001612,0.8621520670853499,1.3666215091659542,-1.3725691446670032,-1.2323226916880126,-0.6343159476222767,0.9511922392751309,0.4112716248082978,0.8123647672390458,0.9589126537992806,0.9184924475417908,-1.539553934954273,-0.4549334057351586,-0.04661271514419742,0.3088115786910275,0.1851985392982904,-0.9382440882493024,-0.7503963290149132,0.1760191877115036,-1.5067986583794888,-0.21252666190169084,0.10378029390181205,-0.14681213389659703,0.34925336185010797,0.7624266396950067,1.2648053892604503,1.2163771740230562,-0.3661399162815928,-0.8654451709124913,-0.8466552531632122,0.7648043851543419,1.1804267850510881,1.6816665703284763,-2.2050188901651957,-0.9430021628233358,-0.6224953032383216,-0.21553674561754396,-0.19986563180277397,-1.2894624968546418,-2.2552562963655007,1.5623486263988056,-1.0514119476617019,-0.7547199020686347,-1.6308046858573277,-0.14003434855255223,0.7922871649245442,-1.3681005284257517,-0.4565224494551664,1.3409830590265686,-0.2718764507027719,-0.3296619855623947,0.546906050020738,1.1349389714669553,-0.002024593701850909,0.6003092495035952,-0.633139070413305,-0.05670490885627037,0.9742443633458469,1.4962147685815947,0.1065313786396439,0.881377432801845,-1.9256856202674655,-1.086393981189475,1.0124968866797488,-0.539131847286686,-0.675952514681265,-0.6791877738482811,1.508943352801719,0.1681736599620707,0.40222982494150245,1.2485270509111588,2.8876835142868535,-1.1228710965675017,-1.8775286398286704,-1.6128714419159433,-1.6537678837399763,1.2009997093856442,0.7231167015704838,0.8408519116984731,-0.7481465803561498,-1.021270974419694,-0.45578710782191767,-0.7100141726473581,-1.5561653741155967,-0.034093180663385306,0.8130910166036566,0.5667575188832842,-0.6918188482302858,1.0195940264241112,1.2259319929460122,0.5340811265982882,1.4832356356811307,0.4447177898731253,0.18621647516593764,-0.004062109989273532,-1.3198068381243446,-0.03509104651611995,-0.6211838928158483,1.5968300766671917,-0.9795226137538912,1.4086069423370497,-0.8709123088782618,-0.6376337367068593,0.07565304199524357,-0.64131739881941,1.7326424533218632,-0.3535816476860184,-0.7341329860069336,0.8342364117548243,0.08907614082061152,-0.5228831250057506,0.49249403233117744,-2.0197283742679595,0.07733100945675658,0.06652566232640157
0.238052417410824,-0.10334870800093031,0.6585017525925989,1.0840116804526065,-2.528035869934526,-0.01101937892271726,1.842140651134538,-0.9576799032399084,-0.21016312746303947,0.5097170366727239,-0.6016339868129393,1.8817381408362257,-2.0128304210391716,1.8649982634139832,0.06425837238114653,0.1809011301015568,-1.17120235087176,-0.7616046049068951,1.456615385751423,-0.34583926856663966,-0.13615626144150045,0.10308527960827056,0.36450162686068677,-0.12110024164182842,0.21423138697690114,0.8239132942396179,0.2958160704288712,0.06584417714723383,-0.659535912077314,-1.9216067668220083,1.3782431119246878,-0.11732105177504185,-0.16001572565963076,1.1917267798494957,0.34432475578894306,0.08393263158135963,-0.7245259160772896,0.40565642781715777,0.407127699735802,1.4307651073851184,-1.0115783849223623,1.6683004569160516,0.024098299677217883,-1.7266763936936524,-0.6018490717990654,-0.21953937706775034,0.49849277494335276,-1.1678551117030345,-0.4517344071590152,0.5952816363977236,0.03638649362921745,-0.1967882938515863,-0.2442674010877871,-0.8207801240472379,-0.06386908762891985,-0.4172111887994879,-0.11029684838936013,0.599461215438772,-0.31874834396983875,1.2078544637680444,0.9875094372843537,-0.1435164794423469,-1.5571830794075263,1.8291760311781535,1.2431932689678205,-1.3347979201679334,0.38888309770007046,-0.5867800428260831,-1.1781065460724918,1.2390669251698199,-1.3020184419745098,2.068858927306182,-0.7432110650182484,1.3751840868135539,0.36487035280457614,-0.9636534647330893,-0.07738867619754106,0.0024130492075418383,0.1767329096668962,1.4907206311486276,1.8657141892490476,1.8638943992535493,1.672095288165878,0.14364264447798067,-0.2878679836301956,-1.046876791468706,-0.8149838094832919,-1.2907406505555814,1.3031452859582127,1.1789767488745275,0.5867248918680524,-0.9119658523943136,-0.37085645281068913,-0.8251467542085525,-0.9303355325977053,-0.8943678913075175,1.5262017890108428,0.38486127951241195,-0.0038932761884477238,-0.28739398813955297,-0.23246369196966432,0.8661240515793144,0.7432396606584215,-0.19562276516994387,1.4293143408698423,0.17419006510876528,-0.11666837335897245,0.2226370800607789,-0.3180927985582136,-0.7425933348976744,-1.2204080872251581,-1.2188241210579784,0.3398485800416088,0.8578943470537957,0.7895074788873897,-0.712676347969771,-1.1524125332831958,-1.5899157852871144,2.0588696595481717,0.9012625057771108,0.5894116365506067,0.15373768966280166,0.19070176036500655,1.2094387941488745,2.156841564220031,-1.509016882805672,1.0212997250533113,0.7017184746585795,1.563194895163761,0.12563691597035462,-0.7897070440198184,1.3181917835350838,0.4401493150403068,-1.2360683004442712,0.21926845951117613,0.27470642427331954,-0.529511397761774,-1.0811449179840382,-0.017956820138364242,-0.5996922064865813,0.5900184947415824,0.0295320865698925,-0.929082925139184,-1.4504371595867518,-0.10680569403906798,-0.8228670103119629,1.8920301683771767,1.0172663454747517,-0.9435604035144558,0.5230821942439018,0.6358051724589617,0.6313644868947718,-1.4663081914748621,-0.1488720077034288,-0.38747093490870144,-1.1935348823211152,-2.7734361978103412,1.104467506316937,1.8784169671986781,1.5225399031999851,1.6016640726381266,-1.1544942978784487,-0.7082638060767844,-0.8335455240384515,0.7239198727301618,0.9820447560218372,0.386565928365025,0.6747586837026008,1.457615442691003,0.02216630545675608,-0.7758850042720059,-0.49843451613393625,0.7065502990102477,-0.9841748564970675,-1.2204121828900325,-0.47100518623038273,-1.4227074883132536,-0.4334235109822948,-0.20320556015817448,0.014526079944595538,1.2836580063628058,0.028039843137090792,0.5832249132112604,-0.9795226137580783,1.4984061030039881,-1.3714578111267808,0.7760220028469966,0.5967396460365445,-0.049901990058477855,0.5836241713330613,-1.6679375602124404,0.3304497668667803,0.7112828311291732,-0.7815106142398776,-0.1182507646428641,0.49018907907067844,-0.42529876984603904,1.9120163436063444,-0.07671940195666059,-0.11269684950986468
-0.36548556450640846,0.14902114423064217,-0.8743196839019254,-1.5558166097108612,3.600126269065776,-0.005194593351574425,-2.650674134304506,1.4195884829302163,0.2313394605113626,-0.789426362108846,0.7756801484497909,-2.7088349714824065,2.820499878270327,-2.6052364952578895,-0.06776842601894159,-0.25820951965991185,1.633127185207741,1.0324270865351441,-2.0137247431354686,0.505831047873943,0.1997634346453222,-0.14538816812179423,-0.5601239603593007,0.20600763328673974,-0.2875084559307419,-1.0947703620724933,-0.3811143288660331,-0.10431692092456757,0.9145989853352283,2.7503092017126076,-1.9634704931544402,0.14803495867559918,0.23561900760767412,-1.6375885534340544,-0.4824502505523932,-0.06125723468188373,1.0820859963852163,-0.6164734066923087,-0.5871499148614095,-2.0329007168371453,1.412821898459417,-2.3812299851647802,-0.051397619580850096,2.4417326739894323,0.8211911271617179,0.3414310445913963,-0.7410354134219058,1.71396275497894,0.6493609597449741,-0.8092477921650436,-0.03971628231720438,0.26564241450970716,0.3310285967243677,1.1546067822866897,0.11247033679347476,0.5793713775753814,0.19328547359717835,-0.8718430744150116,0.35122111303172854,-1.7458750597342607,-1.3642088289628638,0.21087785030467537,2.162450092432925,-2.513679155641674,-1.6505666597361022,1.836754951804995,-0.5484147681637391,0.7969450142787663,1.6278962524279073,-1.7091882827125136,1.8426626059299431,-2.8733491461062757,1.0221374122263611,-2.0423264463720208,-0.5131923506981829,1.3503516968614222,0.12276958069445709,0.06054697393126117,-0.2503221831952294,-2.121852666194883,-2.6311274815307395,-2.621655331578668,-2.3766292542145853,-0.2427038117207634,0.37422047602652075,1.5071034082967296,1.1452840986973065,1.8315645905425066,-1.8693397039036295,-1.6524820472365782,-0.881126392858592,1.2713400757314195,0.503407460438691,1.1086555517257586,1.3048038838024627,1.216252409382847,-2.1095284378675276,-0.5925285359706414,-0.06442776389224995,0.41354832800900104,0.24860144049790514,-1.2356728792972682,-1.055339788700722,0.2799153347234505,-2.024124467614276,-0.27358190260644644,0.14265690186438096,-0.23973922748333507,0.48177207481605905,0.9867280484458524,1.6952533307892397,1.6713292612363366,-0.49971151397546953,-1.1770377648547177,-1.137974856259016,1.029745723444056,1.5846929875968359,2.2926011059299354,-2.9731121426967766,-1.1827265684208406,-0.8762541973420457,-0.24106934692055593,-0.26843748610819346,-1.755361263251733,-3.0174237275300135,2.133120369750449,-1.4061676222618504,-1.0365870957346286,-2.220932692252148,-0.19508149850934722,1.1070909681489671,-1.877922481866201,-0.5448961741045218,1.7569794275906965,-0.3630817943440629,-0.4461967247052644,0.7375107259677536,1.560121999888464,0.04047488378711514,0.7989382448595089,-0.8413534691155763,-0.03927543555314445,1.2688160539166964,2.0145249158166796,0.16693803641712135,1.1720547150676583,-2.625841368354884,-1.4347621512936257,1.3713861836973282,-0.7559319192074365,-0.9705307076389011,-0.8675325850153018,2.0035627572595134,0.21056558720806107,0.5511565550665448,1.6987999416827537,3.8832595419361473,-1.5181119106405219,-2.5908907760200646,-2.1112180426073834,-2.2278453337521347,1.5969485049498402,0.9806412487832434,1.2373882337921907,-1.0106779225486722,-1.3905410257959445,-0.5905146206106461,-0.9273596646746034,-2.0123626954939438,-0.025056725895440075,1.0811018762237377,0.7310326021852088,-0.9054857403318357,1.4003263147708915,1.6395144117252172,0.689043838200376,1.9806139521283201,0.5709706462740859,0.22791387706636657,0.0039868473981314045,-1.8003194761702765,-0.04534542220453219,-0.8250957302484035,1.4086069423440708,-1.371457811128286,2.507634902243804,-1.1435821471178527,-0.823246462110893,0.09463407742075544,-0.7972188716164055,2.3326692534826754,-0.49228142198925984,-0.9856292236761878,1.0691754977050723,0.14767520303468662,-0.6934249700159466,0.5899115439052198,-2.6648227863945766,0.08269347214804948,0.14286174209631208
0.1911922748902659,-0.11270620478417974,0.5420610143045639,0.8735193071520359,-2.073927138526053,0.004480770400050199,1.517582170907812,-0.7929231297741063,-0.1541062856923153,0.42107724058041035,-0.44713325044702706,1.5619857380348985,-1.645004796667572,1.5319718705139107,0.0447359807743524,0.18345498073742866,-0.952844112610906,-0.6110051198901477,1.1760626671167191,-0.296633037805756,-0.14805977593965214,0.08398691145457803,0.2624909528083342,-0.1360152042404682,0.17328466421869546,0.709155150890092,0.21961777536384286,0.03968365838428245,-0.5592904183602223,-1.6014397561182063,1.143885659756698,-0.11093856993098297,-0.15640424453990834,0.9765575987424135,0.28006888829165577,0.05770301566492464,-0.6047967170393016,0.37491711568430003,0.3193547416332686,1.15780335664162,-0.8292113820328092,1.4114538664370195,0.001746497986308701,-1.4411386594729347,-0.467749474122055,-0.18651347553650188,0.41344133880599077,-0.9526265504197755,-0.36601347269007356,0.48039385310038785,0.03807909022356924,-0.15283103169704515,-0.17169819154544796,-0.7035552500704543,-0.06347247277345776,-0.3360804390961654,-0.13269836494375406,0.5167134683210345,-0.24496610971355856,1.02314046672914,0.8190611782358597,-0.13502700458032676,-1.279779116877921,1.489066519794241,1.0304833517593412,-1.1116477077569122,0.3311118187184449,-0.44542165223214514,-0.9182023730011738,0.9993705197403508,-1.0893066027369527,1.724816459416729,-0.6343434341453915,1.19788869231704,0.2909836488038103,-0.7895872514403757,-0.05052844634883883,-0.0086994431011429,0.14260668269088278,1.2273123474862402,1.527706358841575,1.5166172959675517,1.3667394515834959,0.11533222466425916,-0.24904922397340573,-0.9297457211660864,-0.6847631599248841,-1.0582813450662087,1.0877650213808414,0.9500598609713967,0.49055549752904354,-0.7704197766077702,-0.31752557618415167,-0.7000332476277762,-0.7843389043351864,-0.7841383558827862,1.2642107870001342,0.3150893947411968,0.018570175677330727,-0.2760121218876485,-0.14715423350905593,0.7303686502905204,0.6357896733807187,-0.15546226439981903,1.218655193888375,0.15102862849583498,-0.06271195111293829,0.11798675440145284,-0.3016955902788232,-0.5930562573449958,-1.0105152045031256,-0.9788205656522998,0.27034897906470423,0.6798214021290626,0.655827298067196,-0.5988315157821924,-0.9348190865847864,-1.3338182810039574,1.7196019876951159,0.6926179026558865,0.5198821159361062,0.1765140235029764,0.1293913545175032,1.024667868551877,1.7972866273808932,-1.2415890948556652,0.811236851220497,0.6042292305737939,1.2929892741663074,0.1313788090096576,-0.6323549763736005,1.1231692509635607,0.348255824350184,-1.028830811776845,0.22136072474488844,0.23933886605104263,-0.46100057832491537,-0.9190687745962502,-0.0051348734829396656,-0.47848570552362235,0.5201308769770299,0.042601467104250064,-0.7676621333323966,-1.1909879572717863,-0.09580997009003694,-0.7153165985483776,1.5166891483148395,0.8557854881726882,-0.7814035073895925,0.426916891915121,0.5869347096753879,0.47575638301835843,-1.1713934578613219,-0.0854814151451192,-0.3204204628868186,-0.9708207922785135,-2.3044943746606403,0.9148704760433065,1.525775783354797,1.2598615998516078,1.3307276328757855,-0.9412788804378083,-0.6147707610704852,-0.6650352516769638,0.5545522887921037,0.7829844816492328,0.35882449798892946,0.5449112257044889,1.150291164267408,0.040402923476809696,-0.6014357753620712,-0.4474349956228708,0.5258824641450587,-0.8380347970357094,-0.962416381728085,-0.37934303738246605,-1.1442118408855249,-0.365943851891737,-0.16522659854932475,0.03915106684785993,1.0213136050238576,0.019825940088271758,0.45600244043608973,-0.8709123088816435,0.7760220028467153,-1.143582147116186,1.2244876233941209,0.4870071070628185,-0.06337261733101263,0.4910959475304038,-1.3571729843541969,0.31563269907470826,0.609882670510153,-0.6544335991577599,-0.09831471223736325,0.3886362649990079,-0.37298441783563746,1.5867937063890845,-0.048984914760042096,-0.08236801370886594
0.1620295168257244,-0.0915926172661298,0.39001330645389487,0.6467488874797654,-1.4920528110890607,0.00966350299424721,1.1219397419898482,-0.5656972786422808,-0.12585604496613623,0.3530316820992988,-0.3460472793212301,1.1553413932842853,-1.1900191953082964,1.1490014803402273,0.01806393690311061,0.08149290527315478,-0.701093585522751,-0.4453498573983482,0.8550202796093361,-0.26706314505224954,-0.1027224957005409,0.02645814136394499,0.2434063450332808,-0.10243216834312839,0.12392570283523921,0.49456839614446424,0.18018721217307498,0.05816761833139771,-0.37222857260934483,-1.1554352040892018,0.8210733829452299,-0.07797247428143905,-0.09044327091145073,0.6892070413170857,0.20049034155571185,0.042782753287924025,-0.4647272074622574,0.21387205872239054,0.261459365137481,0.8880677914627647,-0.5986120120121909,1.0237589514020247,-0.0020863132677129345,-1.058453022877623,-0.3638972681495275,-0.13540560187868045,0.316087161600883,-0.7406714215982007,-0.2655095679050051,0.36590446901035173,0.024456676520864577,-0.13129605564980884,-0.130236189655262,-0.5165745427224852,-0.05078058930489203,-0.2594579180106976,-0.0059503702853148654,0.366787001769596,-0.10256971634162709,0.7424637114858941,0.6056591594259005,-0.07305644302007934,-0.9061451079864317,1.095788014458376,0.7216118243779353,-0.8137549267943757,0.23752116353185695,-0.3198576370717137,-0.7453970590299938,0.7272061084233046,-0.7926590690932445,1.2456387661469777,-0.46506897312933687,0.9064322119589343,0.2138651127212403,-0.5769060756802934,-0.024356683274333872,0.007668075312308371,0.1064432300475599,0.8960272548107064,1.1844357107096615,1.1201911082090956,0.9971462832911956,0.07760789512883934,-0.1997796014017693,-0.6616631697766502,-0.4826696340531256,-0.7522408019736602,0.7830789524979195,0.7155479587457992,0.3773566012000678,-0.5470537412049179,-0.21453691043870463,-0.5017496903411777,-0.5735395524623584,-0.5252542856095077,0.9270004014491995,0.23104689081122498,0.009289404678676838,-0.21929480207983015,-0.14481020529474917,0.5128587675570667,0.44567498744604955,-0.10339105602345378,0.850275296858167,0.07697834966384665,-0.07798104388297777,0.06626754928232043,-0.20514335265787587,-0.45133140200334215,-0.770027331243463,-0.705899885692443,0.19232644890465367,0.5196525255338605,0.4296745496671146,-0.42673542754287497,-0.6976865447863752,-0.932022251323522,1.214318073271208,0.5212704167570591,0.38562206597735005,0.1312251973493032,0.12341472866400764,0.7496345814592912,1.3010887108964608,-0.9490515863194193,0.5900518963585585,0.4368775463332921,0.9201509487498729,0.07524716258025874,-0.4604083131312993,0.7887802120417938,0.2260197495859469,-0.7655225044002912,0.14343845202754876,0.19156322217878077,-0.3444215017669099,-0.6472616774905827,-0.004240079317654903,-0.33789266413805674,0.3415938257071575,0.03987781911427682,-0.505777582277726,-0.8611961333799626,-0.0687298012104194,-0.48454081529254234,1.0960634759429073,0.6096672160494307,-0.5681944254593451,0.27827177594384855,0.3992708677416032,0.34989054231968447,-0.8807713081405149,-0.11674597720668024,-0.2548430626513811,-0.7223223245006362,-1.6272914308148907,0.6650933101185342,1.1258757515132267,0.8843352223425498,0.9727232926797555,-0.6829756747289976,-0.40310576808523657,-0.5205148296170266,0.42854228156945356,0.5808012999032826,0.21099422466225937,0.4157294628029779,0.8922336373900828,-0.01991848900418411,-0.4454966995939791,-0.3304813831029657,0.3826853449075912,-0.6043521604434039,-0.717708335367112,-0.305408308487502,-0.8173412592912448,-0.27525324581852895,-0.12821773825715682,0.039417836543536165,0.7612970368368622,0.02369573003126784,0.3775863879661885,-0.6376337367074182,0.5967396460347218,-0.8232464621077571,0.4870071070614321,0.9150602465784209,-0.025637547070184768,0.3197737683539508,-1.0224535206767338,0.20646084462199024,0.40818604072331727,-0.4826691907307706,-0.07173247536066034,0.31866757503040566,-0.2664042205802129,1.1106383336171386,-0.015367997598912404,-0.02957682326428385
-0.0303564615599429,0.021560493284936134,-0.07975956940367004,-0.0764906490404168,0.14525080409810429,0.011007585696626987,-0.10462737471756937,0.06035175667042129,0.030766818276029565,-0.09929997749035689,0.0501069766485678,-0.10473021116949863,0.13235359853303805,-0.17158834054385183,0.024727636231885897,0.0036613109028378167,0.07524589441607751,0.05637854214143514,-0.09181500699848395,0.028111289306046106,-0.020453253241213828,0.04311728776049283,-0.029520230630503397,0.016354578572678916,0.043650777427711396,-0.07970371536539875,-0.005931700871803068,0.023326262500688408,0.009601284020563606,0.11856176994435878,-0.09743392819263152,-0.024126086228092456,0.037002058717661025,-0.06320641181904234,-0.024796816874934006,-0.003870681865428095,0.05945863113435805,-0.05330278262445155,-0.049429307904740996,-0.07696283893367106,0.09215331731146946,-0.11380414932659608,-0.004538971891898894,0.07723645233372757,0.033625118215175595,0.01923048589424232,-0.03961500381850977,0.06225284765738145,0.043396344582988654,-0.010475637972740405,-0.0013288800370490333,-0.020093582718588854,0.02857395655994233,0.052651904220801266,0.011793833649417275,0.04081501626802061,0.01772009273114615,-0.06975806419292191,0.005090266099620719,-0.0917073975091563,-0.09675425154449241,-0.005949617910981886,0.11168013432623168,-0.13972254850327842,-0.10756775342672512,0.07473530208135327,-0.018206726726632032,0.05028372264374312,0.08486705590432572,-0.06760910349651639,0.10939728399053528,-0.14371261735661348,0.01940345207656757,-0.1334382583442319,-0.028268608066255124,0.014479665249641302,0.017783550256733355,0.012713637650921593,-0.007524706466250626,-0.10951013734259432,-0.1399132033330504,-0.1499450085080624,-0.1577348557555542,-0.009919813204222007,0.050500816306663907,0.12295087820483372,0.05700615836442408,0.08733532980039284,-0.07176516162075734,-0.06215270668404361,-0.03665676755772877,0.059431255037909456,0.018807247957806972,0.05788474281453304,0.06534868780774465,0.030278103842405122,-0.05447331840128607,-0.042549059964615395,0.005270140176414585,0.04622155064717591,0.038859036020743365,-0.05528958204543583,-0.0636566922458856,0.00727114509943682,-0.09943159742786474,0.0062153825375922435,0.022269877898611616,-0.007420143062715872,0.017026021011802984,0.0634000995256607,0.09971876580919581,0.0913779251998878,-0.02084665514767183,-0.06065437321212189,-0.054219728245702134,0.06196545191989441,0.08321794578576558,0.12281062375861507,-0.16117920999648455,-0.05117812352834013,-0.11247245023312491,-0.016378426873816507,-0.014109059748235588,-0.09579179247538183,-0.146516899994719,0.11915303499788067,-0.10606392187144362,-0.022892419326322612,-0.1126306967009617,-0.003443214103924285,0.0521988907852714,-0.12034967056633218,-0.024443296267881363,0.03520645242699701,0.015592559456406892,0.007951196655361958,0.08784605750532817,0.0848018079070382,-0.013680790102612172,0.030652967638834946,-0.06316968006491987,-0.009217454500817516,0.09563690793768613,0.10345414100506739,-0.015521538507070666,0.06881484978209529,-0.16174435523969968,-0.08530017131065293,0.05540889941839772,-0.03859225442417836,-0.06548128965838097,-0.027648836353564403,0.11307849819018388,-0.01750046463006508,-0.012671867328834758,0.08049567806911759,0.16986495002248841,-0.068164483516744,-0.10862145720414762,-0.11047203954408337,-0.09915038603036874,0.06960790722845028,0.06642647981058514,0.04335606237090616,-0.042096146691346814,-0.08070183694388698,-0.047791864705999686,-0.009002679654304074,-0.10563335375301071,-0.0020770608960747165,0.018777260962722,0.017561643875736735,-0.04181056051298752,0.07687832531715627,0.04763692174988676,0.018514536650610675,0.11807854715027752,0.0024848960710059107,-0.00939973123898694,-0.037057431552041546,-0.09909688270090722,0.015458144861592223,-0.038701234201688084,0.07565304199623481,-0.04990199005916678,0.09463407742140555,-0.06337261733160028,-0.025637547070728264,0.5181638411851871,-0.02604368970640117,0.1244768825848068,-0.040395619240978564,-0.05810275271361426,0.06304762486816105,0.0075297707130157765,-0.047810705944176746,-0.007782139694379351,-0.11236504221177383,0.015200417825660638,0.029795117368027625
0.1638086162459972,-0.048861435707134054,0.3900448559040973,0.6715953236329252,-1.511910828988938,0.03466830813734826,1.106009762332797,-0.5652383842190523,-0.1319092378068272,0.3153201464058422,-0.31182070635038717,1.1317552072300672,-1.189216091789594,1.1032030101420016,0.03104528743067131,0.0774967863425597,-0.6690139753794067,-0.43784995818463673,0.8646331599879928,-0.20802530099677832,-0.10804292000350585,0.03733680980129054,0.20224988777753142,-0.10411612744419002,0.1295182753475018,0.4577926578906768,0.18395708879960979,0.0332844983294531,-0.40712699894136406,-1.1376596708811255,0.8220668042281011,-0.07367461562965297,-0.10223731752810344,0.7080152495898342,0.2030398592149483,0.005876143037757953,-0.4431848549030945,0.24949569544970618,0.27485955783186844,0.8461667575923177,-0.5891166063004092,0.9824254187707152,0.0174315964772445,-1.0419459141487826,-0.31859626498439597,-0.14268129154827122,0.307561841151483,-0.7310104830691045,-0.25049565126070433,0.3841948542420722,0.04478836487281889,-0.10848669281793519,-0.12628637979079047,-0.48938553848255706,-0.08780450114382249,-0.25150537810790086,-0.11562664340845812,0.38008465720190954,-0.11045422764073032,0.7505952907566351,0.5607481552298084,-0.09556250341061638,-0.8970047361008794,1.0739833529950344,0.6972814597250253,-0.7926356315324662,0.21777342960529494,-0.34529087195625985,-0.7208942066448061,0.7367950698063007,-0.7792209596636953,1.2519095542439056,-0.4223128259979885,0.8834696302806497,0.21217658056585947,-0.5478338650942632,-0.03800787071079306,-0.04080225230054143,0.09840038613601634,0.9164276215445091,1.122003688963432,1.0786442239059457,0.9998384615443596,0.07934548988813803,-0.166072557481092,-0.6477551352452289,-0.5085562719311945,-0.7852102399781395,0.7789042655161104,0.6935116049039175,0.335549130266529,-0.546426560210742,-0.2188404740846241,-0.4756344886855819,-0.620088301962123,-0.540022888533826,0.8586587035101036,0.24634984163153284,-0.00024685458413409994,-0.17366490917232896,-0.14509126411986922,0.5319112297573501,0.4392401585872213,-0.13070596642109591,0.8861028772244174,0.09241755549770844,-0.06832319465272861,0.08453528911047618,-0.18250146790495964,-0.3813734728350038,-0.7286837173490202,-0.7441826363551777,0.20440492002037314,0.5272455745894857,0.47459519405822825,-0.458611355662204,-0.6566166953618198,-0.9755457802847644,1.2255956227093916,0.508720565367473,0.3704915845216987,0.13814195078514216,0.10757780010247367,0.6810432904659152,1.2689298099173885,-0.9189330887698056,0.6213057108092549,0.44663745303316404,0.9366975983435377,0.03464649159941591,-0.4594966358389601,0.8178275783908849,0.2574374167580174,-0.7529438036255872,0.1468801756737778,0.1879695928052316,-0.3162642381395481,-0.6071389449765834,-0.021868209834656073,-0.34073856271357966,0.35584472049949933,0.0028231084260512407,-0.5366685310155807,-0.8691853824869228,-0.08359501581574283,-0.49209425469540485,1.121468412568303,0.5846040636710401,-0.5607121654078727,0.3058595281677125,0.39595304599208336,0.3748487499767667,-0.8430079041715198,-0.10111812637056478,-0.25606130725392445,-0.7644849023738012,-1.6759870923640645,0.6688172404061583,1.107003943331853,0.88277426163299,0.9191932085054842,-0.7086365465450815,-0.38630630982630654,-0.5195931938280554,0.397118997283965,0.5702926025003917,0.22485491502707458,0.39749137363597936,0.8276445677095093,0.03739021187129884,-0.4307895253937394,-0.31068297948080775,0.36753498670106993,-0.5999807587219936,-0.6852558947005396,-0.28913042469729683,-0.8543326308607124,-0.2576692235230152,-0.09510578397705363,0.0010398877877768192,0.7598640801928405,0.018651033059716222,0.3514295307934134,-0.641317398825147,0.5836241713361771,-0.7972188716197735,0.49109594753320635,0.3197737683568251,-0.026043689706188283,0.9791746443708593,-0.9888208237128576,0.21749129166037245,0.4066701824030752,-0.47449575479334616,-0.09584261714288736,0.31346363899183555,-0.23946972218952223,1.1289942107991833,-0.018578009125966036,-0.043490827704845546
-0.4028967614803657,0.13237881393644246,-1.100027712710301,-1.8525880078160315,4.272125645133618,-0.008885576818878515,-3.1570757222824524,1.6851862982141093,0.3445480453368798,-0.8804337451249727,0.9456949675158994,-3.2206759453499987,3.3523579964121835,-3.1325863666729568,-0.10889888608413462,-0.291057200877633,1.956598423730438,1.2549738558774766,-2.443407678202214,0.6358725268719562,0.3166706455727673,-0.13720456801779687,-0.667607039356553,0.21493393953433237,-0.3264473955629655,-1.3962516637791371,-0.47271257182783644,-0.12269510350676774,1.1120825721210514,3.252230193037196,-2.3039942595380545,0.17093721604154505,0.29762255263619186,-1.9952227781788492,-0.5996556288785263,-0.03289920180142393,1.283660613256922,-0.7707566750503857,-0.6453179705505693,-2.4330737661812174,1.7295766795878298,-2.893672082972893,-0.01852744458528345,2.952438966406391,0.9662060512033204,0.39881072127936745,-0.8817052185753992,2.017397286474628,0.7565451156991422,-0.9673237675081936,-0.0009635985500562605,0.3340202914184017,0.3866231332217108,1.4425755076124578,0.1017565593894049,0.7421384914067289,0.19872972648792359,-1.1236475993812092,0.5187089509639008,-2.07435085706241,-1.6772545528835365,0.2562826643719748,2.632755391450477,-3.0271987761415446,-2.060783044853503,2.264264042750561,-0.6812101286488552,0.9170048571270976,1.9739497893562123,-2.0614789904621476,2.252782948187684,-3.5260879679341706,1.2384153899846466,-2.432199066897075,-0.6053102321244623,1.619843287029029,0.0761047450164195,-0.04765768221398872,-0.2908250846595115,-2.53830425248891,-3.170476145503238,-3.134337433920555,-2.880809916002491,-0.29739029730636246,0.4731174236107194,1.8064167916866218,1.4428738043245348,2.248012967018242,-2.2350641217504763,-2.0175424957697667,-1.0428740136109385,1.5844691746270436,0.6501735117158769,1.3399108923254845,1.5788919738338156,1.476333061453599,-2.5381699919639087,-0.6621967743506899,-0.05912609979424978,0.5512335022367437,0.365831899465118,-1.5158890118058932,-1.2978233877956205,0.33219797742411733,-2.4687505774503475,-0.31003664466229236,0.15484172825766596,-0.26762208424061684,0.5240652411997452,1.1796583990604734,2.0463906029699492,1.9641172699114036,-0.6103583022209716,-1.450380087570981,-1.312143556104414,1.2574203252723393,1.9445936819267597,2.749311032203673,-3.5448559002524545,-1.4691582585972796,-1.0333852757422735,-0.36613149440179416,-0.2928087255198928,-2.0465953829167374,-3.667437396113532,2.531131670682234,-1.6948186017371423,-1.2556571305996416,-2.6409442534732523,-0.21456528787711962,1.2957366707500597,-2.2919496576680465,-0.6807768818473612,2.124022561088688,-0.41981989986677304,-0.5391451072489397,0.9127821020573977,1.863005472479461,0.04833461058918323,0.9496546174410482,-0.9832155352327294,-0.03744154789160033,1.5159675251897844,2.3865416067350766,0.22296199313859197,1.4101717168982626,-3.1095681951380882,-1.7073238715949823,1.6349655218561794,-0.8808632583588357,-1.165889721518883,-1.053626451761721,2.4136581972870568,0.2531283357322621,0.6706372501812653,2.0626534429694745,4.686748552747116,-1.851740661952832,-3.12336007074355,-2.5694084058988715,-2.7056651056154593,1.9090953843140963,1.1572753917331342,1.4272360627291842,-1.2070554851489474,-1.7030680677659886,-0.6924917804824197,-1.1799345090661129,-2.4227821231656845,0.0012040930319330567,1.2809188034920505,0.8957158852242657,-1.1143941392876087,1.6725055665584294,1.9599510544931598,0.8213497609097482,2.3835884232170024,0.6991507127680711,0.29502521717962776,-0.05063961350999727,-2.1617328217117118,-0.07508858511886145,-1.0253193766167243,1.732642453325745,-1.6679375602093622,2.332669253476257,-1.3571729843519842,-1.0224535206779202,0.12447688258358489,-0.9888208237057107,3.3668863229796044,-0.6169458886637279,-1.1785795629708287,1.326682501184981,0.15645084260401204,-0.8360094706780022,0.7316734949524042,-3.2248953351073655,0.07089149117535955,0.18397709057350245
0.05421618813988163,-0.03586143713682021,0.23895384386257779,0.39816262661262875,-0.9421008650358417,0.0013745464273295575,0.6944306548725558,-0.3853862620045431,-0.08801192144934863,0.20312189117452162,-0.20725396306027888,0.7166224437611974,-0.7218220084123546,0.7091543937433685,0.022350020592949396,0.09336432938393241,-0.4160509125087125,-0.2633376521702575,0.5140331072620291,-0.11657973159076991,-0.03398361431958891,0.016634244601724753,0.1500097963509581,-0.05719070590303703,0.08267287687778252,0.3067372270084486,0.0806296485471769,-0.02150832842023158,-0.2273288778763351,-0.7015347207364645,0.4769084907436296,-0.04981604165809359,-0.0690693562979719,0.44232096077247945,0.11897441940636413,-0.01457549936995706,-0.2651535972779045,0.1486437098490858,0.11650367870330738,0.5209542266971455,-0.346658736783723,0.6225685376745823,-0.017721271375207313,-0.6106460190980779,-0.21419587641133872,-0.08673046353312254,0.18151299712469732,-0.39578082456932934,-0.16531556620530252,0.19779915542177437,0.009102492273808313,-0.08850881642349526,-0.08865430205076266,-0.3252873263667907,-0.009925642339552322,-0.14949641110099648,-0.03214503621382141,0.20377510430161222,-0.10601377035964518,0.43359942866521833,0.3667985676190226,-0.03445475081579577,-0.6267501062043292,0.6875637494902616,0.465223781674119,-0.5121387656573453,0.13579855359941198,-0.21156736438229823,-0.43074223663726163,0.4361325791869838,-0.48924107676839174,0.7825388818076665,-0.26783153706897567,0.5653149639647186,0.08290998546348641,-0.34250937749234467,-0.02298807012074614,-0.04781635972772552,0.061203869039558004,0.5325260510538989,0.735532986642908,0.7233932338131276,0.6078514902997934,0.028756213723217072,-0.08607818631009373,-0.3371342960733915,-0.3421741071995068,-0.46547111646501416,0.4701798187043647,0.41309524886489335,0.1998966592047856,-0.31972574746602067,-0.13634861473937893,-0.26497138539559695,-0.370964778567237,-0.30600622160317903,0.5912906376827526,0.1427567946741479,0.011183596188638723,-0.12375329719769124,-0.08810274693684646,0.3131882522478228,0.27568693033367275,-0.0921420796585022,0.5272090015773906,0.08787762973250116,-0.03585361345192859,0.04439658379839144,-0.11680450812942686,-0.2862431605772229,-0.4631807949426238,-0.4539154663991546,0.12620615432185864,0.2678624659138183,0.31903861784457516,-0.2370120715652982,-0.3916263049098969,-0.5932357810471439,0.7836177845484489,0.3184444006888002,0.24691380324481288,0.059824857843941995,0.06741657983141838,0.4831406703178298,0.8116472814511563,-0.5734019198304716,0.37443141344047753,0.27505193327474764,0.5768403416477379,0.06104877851065046,-0.27134349696434434,0.48925036243090686,0.1301637830870115,-0.4757607327525289,0.12488086714316407,0.12637330662945148,-0.2165023453978482,-0.38574778012529953,0.011776505124836335,-0.2349861917303523,0.20334436630832703,0.03839179870149746,-0.3391689803388726,-0.525379472852334,-0.05072613341384958,-0.2947980991261138,0.6795531459882418,0.3801828780652066,-0.4193803642532947,0.18981293451448158,0.2872536337791459,0.21307041175868294,-0.5348383057658226,-0.07119233018694977,-0.17228592849036886,-0.4754412288049708,-1.0318484177364362,0.3818209102312431,0.6809125818834971,0.568151594676497,0.5976551580218318,-0.4154307056863253,-0.23790777432654225,-0.3084054391745652,0.2614007891693516,0.34403413540885397,0.08846819569670117,0.2664778942663532,0.5754650865507593,0.019464525924999608,-0.28441969718318877,-0.19208658377180052,0.22596988451543837,-0.4040619492865777,-0.4585522527996576,-0.18893865990816752,-0.4964844400237481,-0.13761263179515537,-0.061782514068939046,0.03143755178308062,0.4961610957462441,0.048594066787905676,0.21407727382765798,-0.3535816476887552,0.33044976686792693,-0.492281421990239,0.31563269907579994,0.20646084462324396,-0.04039561924094273,0.21749129165972358,-0.6169458886667523,0.6458740972707171,0.26188797388624335,-0.26769500359689963,-0.08177680817035625,0.15916244607040045,-0.17919473456064464,0.6703267086465877,-0.024681894033389315,-0.032050578030985453
0.17629026122113473,-0.07868589579146121,0.4765198654336637,0.7541226406796576,-1.812145945121449,-0.012070203148186277,1.3417342299684643,-0.6667772469250905,-0.16481492308668247,0.3881629432919477,-0.4089601429012974,1.349798967127219,-1.397573511849142,1.3089946767310336,0.0383734061276411,0.11344903392627767,-0.7829217136791832,-0.5138974047603058,1.03064696329642,-0.23617788000097237,-0.12542119782696665,0.02214204302695015,0.233867646424244,-0.10293054700786583,0.13151669832860302,0.576794237979327,0.17250686505449975,0.04739501330211547,-0.4482010734571918,-1.3613179006605052,0.9659686285532059,-0.08720289752266353,-0.11777595451584787,0.8774309024370522,0.23039971046528812,0.055307149377434583,-0.5107624449541549,0.3276907138989819,0.24572913405727004,0.9986604289156269,-0.7349764070369484,1.1819106076185322,0.0012390026543377536,-1.2251553882982917,-0.3655560135162726,-0.19711728375372262,0.36188017721295457,-0.8611886096392554,-0.3421939924600525,0.3723958518778626,0.06894627628727204,-0.13897942035066563,-0.1879087017151554,-0.5791641222072623,-0.04715503795259322,-0.31738050837454457,-0.1029180055908769,0.45669863018210327,-0.1814597285266462,0.8485800683787333,0.7034047221907069,-0.06453629554687335,-1.0994072812468592,1.257678784094911,0.860716891206009,-0.9364549477031808,0.28153335211490893,-0.4040429487197039,-0.8218293288491592,0.8281702787515647,-0.9381419713160721,1.4806785288879534,-0.49988710668589215,1.027386939168491,0.23614205249228426,-0.6495506953287914,-0.05632941449413055,-0.005708225988537782,0.1019667405037099,1.0774743625299135,1.31734996631917,1.274911045271739,1.2171216836844478,0.11157624980816265,-0.18338457406769482,-0.7499273977728279,-0.5882154298866188,-0.9288552558675586,0.9352139691785588,0.8361675399250401,0.43250721754208754,-0.6746244402703842,-0.29564173249352943,-0.5629576843744732,-0.6805099742260039,-0.6261859494618067,1.0479815672056505,0.25686473610527943,0.03410530009708207,-0.20644359321019323,-0.15258153504442373,0.6280445500391308,0.5455631650144057,-0.13948721237459435,1.0022676180974672,0.1411980933789897,-0.0930208632557876,0.10345743213344136,-0.23414120079527653,-0.5048636379778655,-0.8728752909134421,-0.8431383849322959,0.25676770577964164,0.5648280795203693,0.543828678809525,-0.5101721157077034,-0.8081851107879939,-1.1798688244522708,1.488287002622648,0.615044476894016,0.45805559057073547,0.165279757047764,0.1452954004166321,0.8599045606913536,1.5293684927620297,-1.116306682947518,0.7191069164518705,0.5583438360441281,1.094588112351358,0.12115004980940838,-0.5459451030885094,0.9496680460282672,0.30078798586383637,-0.9067266753578566,0.1678456175086345,0.23712264923399226,-0.37253887340630937,-0.7655010463482332,-0.0276592209553928,-0.4147793844085221,0.40994533668137517,0.02558472374950315,-0.6481799082890555,-1.0289233146499324,-0.07824898966978061,-0.6262657993289998,1.3664058969064525,0.7023294511749552,-0.6692605856502827,0.33600702462880505,0.4830163649376855,0.43692000028532896,-1.0514230121079466,-0.10149696467112043,-0.27619080909852484,-0.8620525305462448,-1.9226434342076004,0.7616003151248695,1.3167972766238984,1.1058716437974505,1.1249792413697601,-0.8374217523694267,-0.4814264024751033,-0.6176991825120698,0.4856959368375932,0.6959935497824611,0.2710363453030235,0.4502959620524131,1.0239280308967058,-0.002506488771412731,-0.5481665576568606,-0.3754677754764132,0.432238048888171,-0.6813678927459301,-0.8778666926635814,-0.31894622307825404,-0.9630101697519434,-0.2658119896786965,-0.14968321797311152,0.005158459188623683,0.9042818701687889,0.07102888131500015,0.4154197252864281,-0.7341329860075898,0.7112828311271697,-0.9856292236728721,0.6098826705085425,0.40818604072319437,-0.05810275271320586,0.40667018239962865,-1.1785795629694138,0.26188797388483653,1.0869449029185945,-0.5402176186357506,-0.0900417198959061,0.3581829407423874,-0.32614439522474664,1.3713017755455414,-0.05036570885305877,-0.08484860410673987
-0.2083934206850646,0.040462986616196836,-0.5175523897558025,-0.8511204355952239,2.000236432271922,0.006004801398902315,-1.45916033456649,0.7605934880492484,0.16465637513978276,-0.45431723749314323,0.42583234050020463,-1.4623148819041074,1.5680896900509713,-1.4459197190335236,-0.09612398318043744,-0.17226344713344888,0.937126728120242,0.5630697851154983,-1.1212870001461972,0.3011595768853874,0.10885147373559834,-0.07429611280900933,-0.3010374361844571,0.12392185164307293,-0.15403969311556787,-0.6248548976987239,-0.2361024655044009,-0.035446975236071515,0.4854311592520886,1.5099129985507838,-1.0418336854645545,0.06993457710455289,0.12788753278627318,-0.9353051528632402,-0.25526663383700593,-0.09745217485378,0.5802225259412886,-0.3371659859307961,-0.31322910123438935,-1.1273040769019196,0.8042299008081583,-1.297580017665433,0.0181612805182583,1.3635695298243995,0.41384750066718057,0.17712524950711067,-0.44535653404480846,0.9439678446672863,0.35053276237863207,-0.47273639607243195,-0.046669772519102065,0.13279687482636393,0.20686667525128577,0.6606740484361981,0.047509468824595155,0.3161070806739845,0.07475279490435487,-0.508903300512185,0.2326900503589922,-0.9419240631333153,-0.7508220576887319,0.10294011101158226,1.2056949091412394,-1.4137190247416127,-0.9493134149216161,1.0213039931708592,-0.3459796005827101,0.46638378226910865,0.9122178679111371,-0.9698569638527053,1.04451937353976,-1.6157660542636192,0.5597755866901152,-1.1658078994874872,-0.25392073492267153,0.7757460224353433,0.035787107571353755,0.01617661240934271,-0.11950963609210563,-1.1617586057010973,-1.5010297260519287,-1.457044300081227,-1.337465791257366,-0.11459407848404,0.22932677723700456,0.8543539711063043,0.6567445328478417,1.0524058968386258,-1.0387542696736647,-0.9075183748688284,-0.4821062031034784,0.6844981636478847,0.30474517723576444,0.6124955462097394,0.759024997233742,0.6920380219437706,-1.1730540746528595,-0.30306230861324496,-0.0491615515389794,0.2867243938667207,0.16994398594919935,-0.699180020322025,-0.5934253061930987,0.16809712734646015,-1.1653349072271417,-0.15803308405795508,0.09642244164072061,-0.0937245354663297,0.21943953512813313,0.5793005271829773,0.9277694317384133,0.936802831895107,-0.28520231747231267,-0.6646372314250523,-0.6106367377577052,0.5992983511078175,0.8927195325127876,1.2389955075016923,-1.6204667102489034,-0.6562215667656498,-0.44443546231133524,-0.16361408940441646,-0.10621164874282829,-0.9634700885984352,-1.7107212653821426,1.1651464317618274,-0.7923686470581924,-0.5685394092661317,-1.215772854170344,-0.11778754278912684,0.5843687695737435,-1.0804866206846295,-0.32804580012761575,0.9980462528543916,-0.21287614063162083,-0.2550506568979141,0.4231588554449079,0.8724507928890174,0.009285333573733921,0.3938863330825311,-0.4968550936183266,-0.03034268882889426,0.7118512214994025,1.1618562509902877,0.07438931853273648,0.6644480930740717,-1.4752616260839464,-0.7917498334256189,0.7401180323267116,-0.4064790191387479,-0.5260948764010163,-0.5031090092332478,1.108216040790096,0.12316921681676873,0.3132192712238393,0.9291907632806551,2.16871650786523,-0.8656680862697885,-1.4198767682417286,-1.1872184377767845,-1.2294616207347757,0.847617878644074,0.5253296402317912,0.662284188920402,-0.5650215006567779,-0.7613165871188432,-0.27717395803716216,-0.5062725461658248,-1.146455348124306,-0.02846384126152698,0.5934575789485369,0.40767566169542113,-0.5147066657594626,0.8143364174525113,0.9408241817961628,0.3741899472824017,1.1125020105654089,0.32461489463227755,0.15595747601474153,-0.007727271006526287,-0.9873027661336122,-0.019119222047485576,-0.47074391006348604,0.8342364117543183,-0.781510614236304,1.069175497699512,-0.6544335991547736,-0.48266919073010434,0.06304762486734047,-0.47449575478894246,1.3266825011813763,-0.2676950035948327,-0.5402176186352049,1.1808968876237416,0.0626534673229149,-0.40403199942848594,0.3514102789194298,-1.5032244252669305,0.027448182052156888,0.04816543641156601
-0.04741157438295081,0.018052115311324342,-0.09541551124641783,-0.10876296670630162,0.3087880816962758,0.008815943881732097,-0.17721322817101764,0.09646263886910328,0.03972694744853486,-0.04599768470645239,0.07301880676528845,-0.20879248823761726,0.21165761749482306,-0.19949672130933202,-0.03437971145251636,-0.03839557112461977,0.11738543569884677,0.06228009136172261,-0.17273737537734046,0.0610585402939058,0.05083223852110799,-0.040175503338388194,-0.09123747284274927,0.01592937710725434,-0.041550792054463444,-0.0517874188624426,-0.029026313281829547,0.009519205124394442,0.08464704551108647,0.18063655977368753,-0.1515722391564603,0.013610084316158259,0.009280723472523998,-0.11690992110375678,-0.07190975919359027,-0.018539986528669047,0.07990533371930786,-0.05117699174021653,-0.05078403174941979,-0.1073107828723101,0.11431590096261277,-0.17380887795387548,0.00987693331903276,0.17919760196976708,0.060075447214182905,0.061072209137846854,-0.04357962753563779,0.1187862054909065,0.07060543883630707,-0.06929135805740107,-0.007425042196468769,0.02173851669911946,0.001412666773209512,0.08048014664510364,0.058526619188044395,0.058780717297629806,-0.008103615022960453,-0.08298665603036416,0.009402948877862551,-0.1449610097426729,-0.09444620062455579,0.031018912480258495,0.1785018550867899,-0.15372929966237167,-0.16361097924003526,0.16872566850059845,-0.008446454868917666,0.05163172592427523,0.09308563218830766,-0.14465880388488095,0.12487567026711618,-0.236001217529085,0.0577705716183437,-0.13879239878622496,-0.04186934591083,0.09961251860710772,0.024729835996315584,0.022740720221553618,-0.02316740392000975,-0.16262802251082656,-0.22624421596933875,-0.20971994292827834,-0.17502372910320582,-0.04653282448296834,0.021083676785900334,0.10830102097821681,0.07104654851126325,0.12302383626725222,-0.1587894364124873,-0.1290065893374481,-0.0836841709654505,0.061728287067290326,0.06439545414834671,0.11053441296450482,0.09306059699670208,0.1161565025473034,-0.12379149744020654,-0.008201670171108788,-0.02316353257934141,0.02462040056421199,0.04583303678313184,-0.07891355420990011,-0.09281016562246552,0.02504550530824852,-0.15285721572708164,-0.04505718493336746,-0.0020855383818732687,-0.043674358954846865,0.02401018346521369,0.04067365906705901,0.13775811674885194,0.16331867971823857,-0.033507048420340746,-0.13534779078400155,-0.07376460445706685,0.06038846086760687,0.07659980227333588,0.1675047129450423,-0.21121968693832888,-0.11180386586852419,-0.08351800790094187,0.019576323805192114,-0.041264588518208405,-0.0959219278688457,-0.22693574799693675,0.1870077451241543,-0.12627057927835994,-0.0659343699504159,-0.184298265288531,-0.004871476981050576,0.08348182384982657,-0.11641907039931398,-0.033123614553533146,0.1355398261920721,-0.054358956148842535,-0.03431946474189035,0.0786718213019093,0.12984904307596673,0.011557636367460395,0.09277050978819751,-0.10270029872613654,0.02453722844153744,0.11880354239597271,0.11502033334590932,0.0004945816424350195,0.06717332959974816,-0.1837931160296726,-0.14559384413093113,0.13226156018439927,-0.054282629768301414,-0.05543925709620661,-0.09432405348860191,0.1757707221968431,0.045362935197801636,0.04295335341803026,0.14990568396095882,0.27491868531572866,-0.11524154002248424,-0.16950673572444847,-0.15738704310072957,-0.15985960360164053,0.14097149498056705,0.09556309054532908,0.04298087367414833,-0.1021216157058066,-0.12879131542957295,-0.014987803641375743,-0.08875128804036768,-0.17135899668139468,0.009012586261028951,0.06297175722833863,0.08900082559977972,-0.04936019457009109,0.08209219001292482,0.11357268151576638,0.05148684395864027,0.1488351896827898,0.05927534823047134,0.057257006776604454,-0.013004871975475157,-0.1729033908308439,-0.002501577987083753,-0.047998168352932455,0.0890761408230833,-0.11825076464496152,0.1476752030373258,-0.09831471223919398,-0.07173247536190111,0.007529770713275665,-0.09584261714370468,0.15645084260773662,-0.08177680817101715,-0.09004171989725715,0.0626534673246223,0.5619795795545885,-0.08718316484742247,0.04699823653285145,-0.2274904340459798,0.01768021607348303,0.01887581940859971
0.11689646417179979,-0.04041347765797605,0.2863854711075687,0.5240047578181481,-1.2517627350994274,-0.011082918057324297,0.9150266198741348,-0.5039314346660054,-0.0716147724628196,0.25483771565331653,-0.288697933669275,0.9062742385052522,-1.007350313287118,0.9005876392066315,0.036374696505368176,0.1185971330423328,-0.5671404768659313,-0.37037213791042006,0.6950780501750613,-0.17323917954701623,-0.07018561084822714,0.0608118541093211,0.22315476821021718,-0.08441284700638127,0.08835950176052614,0.38240220961597465,0.11268500156821626,0.02227368994623577,-0.33993160691396196,-0.9618253895360164,0.6822049820351918,-0.06836741006875917,-0.10880483811267966,0.612591147412082,0.18998136273602326,0.009909245554648193,-0.3798663091917578,0.19234055953529441,0.2216792059721874,0.7181019339879157,-0.49559455410541786,0.8233419582700455,-0.004018666219452557,-0.8630505856256268,-0.26259458173764044,-0.0961260712857536,0.2668790037889995,-0.589074290024178,-0.23414868326670435,0.2848820751638521,-0.008629771649784783,-0.12153098309018098,-0.10417977031783594,-0.3770074338035131,-0.04028167443064318,-0.21911093408793655,-0.05483250539358154,0.3392052060259332,-0.11873483782378834,0.564180403142698,0.4800324136910818,-0.04353157247287242,-0.7812569191080941,0.8739298810959012,0.5927361792836066,-0.6253470332140459,0.20967732758710275,-0.2991844161741545,-0.6197793569889829,0.6018951223482276,-0.6640028797548428,1.0145501415018443,-0.36273475359852686,0.7343226706946449,0.1738941212083225,-0.47442681377842466,-0.06594145444136183,-0.016419332596632197,0.1029393621714869,0.7348274063574415,0.9277680281687967,0.882016807031572,0.8296999998071188,0.08656831168978094,-0.15592646227911544,-0.515443637852735,-0.4325416306207842,-0.6577879872087724,0.6333962141241313,0.5786564382486065,0.3163881137278109,-0.46726050911636086,-0.21262094267681073,-0.4142604891640742,-0.4846191254338325,-0.4054179894048978,0.7246793427514623,0.16895921020156354,-0.04194371866444268,-0.12263170285790154,-0.0897097159568567,0.4625997934193452,0.36920850076029665,-0.0859316339218413,0.6915574064551048,0.07423320093930302,-0.028291997287359462,0.08595344252686761,-0.16275235948333833,-0.3167923216525083,-0.5785722727670576,-0.5536872402728739,0.1626369521786167,0.422084855593736,0.36524819436764777,-0.3687214418744417,-0.5342752057752773,-0.8083089131628723,1.0329160018750307,0.44964994883295417,0.28899873966677075,0.07527300467295919,0.07465087455915377,0.5875637423132157,1.0542607490137026,-0.7794159596048196,0.5232990555316657,0.37257384664985993,0.7421220955381358,0.07659697919709105,-0.3745663520298086,0.6519799271530919,0.21855686662940937,-0.6582292053020078,0.14798022491324891,0.1614997771890466,-0.2616102619402499,-0.5405566577225752,-0.02103658760613801,-0.2878144474263923,0.2837032887037323,0.006403042737654744,-0.4246329528223322,-0.7198319053878426,-0.051016881984983144,-0.3804678243409652,0.9313054650730427,0.5347957817676549,-0.47258671970131927,0.26791667650857626,0.32326300490409704,0.2974625407872633,-0.6558727526183624,-0.046932804266533366,-0.20302090971648287,-0.5972565075700659,-1.387822865766638,0.5265755691574948,0.9128633715351412,0.7459901095924684,0.7840729358271287,-0.5624375704268925,-0.3822982270980938,-0.40167617010051704,0.32448834188642045,0.49236989383733365,0.16586175431858527,0.30176401826003163,0.7758451879563095,-0.008219747699126336,-0.3632085898526478,-0.2525079680241831,0.33550009812225146,-0.43725478541000296,-0.5822859812642571,-0.2410428007589812,-0.6969748095798773,-0.19920740949246443,-0.11137564824400048,0.0028026890942204445,0.6284626329347895,-0.005706017785984122,0.3116443423655608,-0.5228831250114183,0.4901890790740776,-0.6934249700199322,0.3886362650020181,0.31866757503329685,-0.04781070594404394,0.3134636389922777,-0.8360094706853752,0.15916244607127805,0.3581829407458841,-0.4040319994327868,-0.08718316484683386,0.8361727629117388,-0.20315359485934545,0.9373194715136034,-0.046582217871541085,-0.05797159785663644
-0.10256275495409473,0.03705044475665042,-0.27225423600032694,-0.48147172760082213,1.1047742754303405,0.015975515644438686,-0.8306298483936704,0.48506493960573327,0.07898387324355152,-0.25099121657886636,0.2585055024055821,-0.875342956173854,0.877886041034168,-0.8161235087997187,-0.04560193723886208,-0.0870168829940642,0.5156784949291388,0.350986691290851,-0.6607592964966116,0.1465274518318352,0.10967704729872088,0.0031391933982663975,-0.158946282121811,0.04210036474859778,-0.09600509305000883,-0.3406403150279762,-0.12068978036521909,-0.021813137937335747,0.2934769824900538,0.8877336479226868,-0.6426365340967383,0.06207474067330818,0.0758906325431137,-0.5595017295322913,-0.1769149601928349,-0.02604100955792333,0.33412130480762214,-0.18997770056074367,-0.19014413388081816,-0.6402645411119124,0.43878987284402515,-0.7461242555070358,-0.02238543190903788,0.8065025299411926,0.24534794387393005,0.08552923333286092,-0.24719939551003287,0.5241252870225297,0.19073075553644436,-0.26837498746768607,-0.039611873737428735,0.08999250082239663,0.11625184204820088,0.37032161023458066,-0.009171412161856421,0.18250955595411542,0.053418983487737076,-0.3040708587279443,0.11510769215049073,-0.540741829802914,-0.44389884793303525,0.03137542597967188,0.6919513648095745,-0.8015353441817115,-0.5470504868462305,0.5854889880363101,-0.18676614004089934,0.24408687332653345,0.49362460950155895,-0.5433289291622199,0.5710405837860087,-0.9263370349241412,0.3322457418750444,-0.6121295021583911,-0.16743710086774558,0.3936911830192201,0.043052779433233046,-0.007217318681365182,-0.08163524798210745,-0.6906885749843327,-0.8724197517441201,-0.8128915611942867,-0.7912684515652867,-0.04226529234671056,0.0897204263965195,0.49101039261716906,0.3794669046050701,0.5701323937518848,-0.5631428744766884,-0.4993516958043234,-0.2825428176577086,0.3890274372952689,0.15587474769357307,0.33531383445581825,0.4251373373328217,0.4024809008128941,-0.6574934472311739,-0.1918353376917463,-0.05079692052633686,0.11617393656991246,0.0959377989391053,-0.4082793498461874,-0.3188121665736125,0.09892605650288197,-0.6467747654275215,-0.05773089231564317,0.04241244331013812,-0.106515517939033,0.14311240251175728,0.301822596521308,0.5670230400354813,0.5169549244711036,-0.11297329192731909,-0.3822856042746786,-0.3272930545434733,0.3075744714770167,0.5355791067389524,0.7244702361966504,-0.9243886585060125,-0.37510279369545824,-0.26956558115459794,-0.05504877101140207,-0.06591425235558053,-0.5544809110275867,-0.9510583688906193,0.6833419070989154,-0.44752477233777943,-0.33198164735420593,-0.6691153087193823,-0.07796437070942233,0.37582600447253856,-0.5999445965850319,-0.17715482981145433,0.5853980527613345,-0.10739367272570106,-0.13497148129184958,0.2447353616377954,0.4919387405442233,-0.03036045103353326,0.24880090444490577,-0.2299745042802674,0.006661836386552201,0.3601101771734648,0.639320447941318,0.032804945863762876,0.356669561502731,-0.8400354625054064,-0.43107443636349757,0.43377968124304894,-0.2605934314109944,-0.3060775093049169,-0.2571118495806664,0.611989484385257,0.07255987890714703,0.1368950254251431,0.5407074382396571,1.2176597715212885,-0.49547637563670155,-0.8438908146185331,-0.6613615966044494,-0.7231288102113614,0.532840089271953,0.31110920393667285,0.3809158282379241,-0.3037043712386762,-0.4342026609928022,-0.19444425236612278,-0.27908172684698396,-0.6277250746392545,-0.0465403151689693,0.3577674669466037,0.21684353591836858,-0.2833841777990532,0.4566686421900504,0.49326216438437664,0.21731718474350742,0.6469014878718524,0.21274817921745037,0.09327320005627383,-0.044192543317220216,-0.5720002586892025,-0.055856255978224564,-0.2527425783073457,0.49249403233584516,-0.4252987698489534,0.5899115439082248,-0.37298441783836406,-0.2664042205825634,-0.007782139694394538,-0.23946972218993257,0.7316734949583585,-0.17919473456110313,-0.3261443952270633,0.35141027892297555,0.046998236532099225,-0.20315359485932422,0.7335865896960931,-0.8511773132873783,0.01638855955333014,0.046957706184822534
0.438972330031431,-0.20011047227866846,1.2283599065406066,2.0947914018210194,-4.900150517744508,0.014969664152616927,3.624573498604855,-1.8712034211175799,-0.31642204416445885,1.049414025120003,-1.0546481978646538,3.6628307336589043,-3.8567962949483268,3.5885043136532753,0.131100828014047,0.3629732967718611,-2.256318800083647,-1.414303364711953,2.7318142279851214,-0.6779655897949456,-0.33729041195843135,0.1685663950376184,0.719040313303559,-0.2804107977802518,0.3755723841770204,1.5869727415494022,0.5186639443340267,0.10967060469569831,-1.3334206392713162,-3.7662014749966164,2.6885570284656706,-0.24743027484652166,-0.3053683369485236,2.297714087326803,0.7191104790450022,0.06832643489480725,-1.4749750452625154,0.848233837650408,0.8063971130632408,2.7744084218484293,-1.9211886519017627,3.2650681949977907,0.027872574827598917,-3.3790661053483726,-1.0889371610228709,-0.48354577234180457,1.0146626624631383,-2.328676370476763,-0.8509365082607059,1.112013098500892,0.0796524953198346,-0.4041263274500452,-0.4655685963127176,-1.612366309637226,-0.10781010642234704,-0.8065125555491217,-0.24584214607037072,1.2330079957082338,-0.5056498044738046,2.357255155865091,1.9176767554062875,-0.2964203483095649,-2.9736080359865986,3.4778100306850472,2.3456237223316254,-2.5701547498422226,0.7449257916519365,-1.0799527286007777,-2.246330222994628,2.3397735931040207,-2.568891436432008,4.009169262763867,-1.4342482848019418,2.798842074665936,0.6741818441321956,-1.8964129169333217,-0.09277540810127648,-0.04219466543100786,0.33697562850715235,2.905610265316611,3.650234227740197,3.5313891874523478,3.277844278878833,0.29026014960449203,-0.5513994915714785,-2.043720995835873,-1.6139278153124874,-2.562339942496015,2.5210273618498413,2.298202556780499,1.136596934822311,-1.7438810663611075,-0.7252364771675288,-1.550369096359377,-1.8141331374228293,-1.7241390337943536,2.918954172247398,0.7742920695773587,0.03668125264026391,-0.6144901568075415,-0.41510970791199775,1.7142079225662228,1.4611255573703912,-0.36564660972408203,2.819319352287128,0.3117721998583328,-0.19669640517677459,0.2873203711261903,-0.583841391147313,-1.3936740025992567,-2.327740490900144,-2.3165107558126636,0.6767294692136857,1.6728697578385516,1.5375927526449495,-1.453579342011106,-2.2420800027989713,-3.1505335231242877,4.0352141272955055,1.6506613138953392,1.1768748439200736,0.4162296873120455,0.3400565477665404,2.326508477115414,4.110380312180739,-2.911162351864684,1.9395278086801537,1.4404652403960687,2.9723178146377114,0.28519793732285004,-1.494955892835502,2.6170302233394644,0.7951612146109149,-2.42368435026726,0.5317858787998513,0.6291105161650873,-1.0701201397493036,-2.1010706617173582,-0.02441742085557741,-1.1047158322380386,1.1058457592162423,0.08781633109899059,-1.7979347838720736,-2.7258375790359133,-0.238387069478968,-1.6135050279477403,3.606333113321781,1.9486204851595597,-1.858620440438435,1.0233056275507069,1.3112022686910112,1.246244160177296,-2.7955084988158503,-0.2537011185359939,-0.7530114686895591,-2.3493530466038828,-5.349916711995857,2.0914287415217907,3.5796417135885883,2.944315075451766,3.077145887432647,-2.23161926790656,-1.3684978324194905,-1.6392458294495367,1.359291346461562,1.915747838868394,0.7558563280921774,1.3283195590286254,2.748403369874418,0.026492115903916987,-1.4648481668385314,-0.9959215623271258,1.2717849560544972,-1.8983127710140348,-2.28309158962531,-0.9535984912898318,-2.673371653737597,-0.788484922117481,-0.3256516844131937,0.0012463890491341,2.472708074891809,0.033860690609177124,1.1295530160450582,-2.019728374265918,1.912016343596823,-2.664822786379494,1.58679370638145,1.110638333614885,-0.1123650422099548,1.128994210787761,-3.224895335097138,0.670326708640988,1.3713017755430945,-1.5032244252662617,-0.22749043404143837,0.9373194715024507,-0.8511773132783517,4.271915037194269,-0.11427886972416307,-0.21205531167044714
0.0189205702801766,-0.003695046990909637,-0.03303994201491234,-0.06831798710185512,0.10389202103528707,0.005607732179487579,-0.14852145606081446,0.07398795749817005,0.00793028075565664,-0.06114830391813077,0.03287569724159415,-0.12520000449220747,0.09626917364824332,-0.12088541227279011,-0.01977246607216601,-0.009218202961715952,0.05915102717462514,0.05458210732580175,-0.11717743590838277,0.028132511111407493,0.02021425085159709,0.008134786854762894,0.021836274927455976,0.024884566345063232,-0.025597521745147227,-0.06471101666814388,-0.027023564043488515,-0.020023335327551076,0.0704362642312561,0.10659357395731911,-0.06605761455461055,-0.017869659321385702,0.018493150723885597,-0.05612397369007895,-0.0047251520500821795,0.005908712759253816,0.06233006141286672,-0.029412486879279064,-0.04998828024583287,-0.09682526221486676,0.08419049891020049,-0.10350581205039787,0.0027289800389026153,0.09273854853786184,0.03332763311337486,-0.02894773349428722,-0.06709647347493532,0.059797672766181455,0.01923808219157113,-0.027924066096104927,-0.0003218524982245372,-0.0029193112289347665,-0.003914937347262861,0.020268792543992907,0.01489261973502954,0.01872872549061931,0.005433765625611939,-0.03406057001724501,-0.00775300157812771,-0.08128638643062779,-0.04551631497485531,0.026493304253581706,0.07941086435775471,-0.11301310982879889,-0.0232483416760428,0.0965851495921544,-0.05992590011457223,0.015168082284177804,0.06723418843151853,-0.039703219327522986,0.06803064028992735,-0.16665399208339923,0.0415356861253412,-0.10934371356467947,-9.006587016034944e-05,0.050208660177276286,0.02800824037624336,-0.016262990984225307,-0.013304282988694304,-0.1063462739579023,-0.07852010152036132,-0.1161646092650299,-0.10027612031710043,0.008193675507241054,0.015193085848365151,0.055358990540368934,0.06714496621279789,0.09092116016267922,-0.09013195426446616,-0.06404390315972511,0.003190796541510033,0.05090604628635593,0.0021667530570153425,0.019518188940222506,0.04096730476358667,0.056258385946796205,-0.07162486995329785,0.005119375320908114,-0.004921210408150365,0.008058005652036026,0.025038596284885535,-0.06349420555741356,-0.018834699480720522,0.018418977813950445,-0.10116604574974075,0.00037861889033252716,0.00869909139531378,-0.022160360083186746,0.031868323378758084,0.03709656177736529,0.0799000495095902,0.10433190352327722,-0.046297471021025834,-0.09673433024798347,-0.05798919683595787,0.0666424282771984,0.015218263160652725,0.112791499971246,-0.12021694033160399,-0.048822417983508955,-0.028297311987255748,0.0030765215300411304,-0.03413331687835711,-0.0921464632727694,-0.14108174551283809,0.08249124210880916,-0.049986483220463514,-0.07176906250435625,-0.09362413736748297,-0.005292759343925223,0.02512717739696117,-0.05766001620778794,-0.032995694410915044,0.10195234080329504,-0.037248241152284034,0.0012308983472959032,-0.009627414218143936,0.07463333633004464,0.03449495731482854,0.025107580157422104,-0.052449153703831436,-0.006206297895790023,0.03868878771602823,0.09616942462174052,0.01208791502285984,0.046437696777504256,-0.09498789019978059,-0.0533779519035599,0.03912628096153592,-0.039945317240342525,-0.05828903631626587,-0.006818715191190548,0.08167624458610767,-0.03833498829890031,0.0027177086895839968,0.07945152073776922,0.14616351790045445,-0.04580735817009923,-0.0824610445961538,-0.08053987476405769,-0.0659738903718645,0.056509555334739045,0.029830316076323003,0.03530343194323399,-0.02279287684319307,-0.0731121042870388,-0.013359446492695718,-0.0799680403616527,-0.04443176001464342,-0.029222594463963972,0.04918910268088874,0.06133725814273805,-0.04293613105055883,0.037412443942973904,0.0620128036285602,0.059965138498421215,0.08159484389930786,0.021660327087220346,-0.009445751171187816,-0.007504713659270661,-0.0757112955260287,-0.006225456617246059,-0.01437292526456381,0.07733100945645455,-0.07671940195610523,0.08269347214725994,-0.04898491475961718,-0.015367997598703597,0.015200417825538761,-0.018578009125522238,0.07089149117462935,-0.024681894033130824,-0.05036570885291141,0.02744818205201703,0.01768021607335607,-0.046582217871164344,0.01638855955288299,-0.11427886972371044,0.6028171331097792,0.05023057831813426
-0.03471037815987615,-0.0043151918094837425,-0.044776842851894545,-0.12560525873390482,0.2541271585322672,-0.00639358840682795,-0.22280948057284083,0.09915235483728452,0.017407088224153322,-0.030846130483460726,0.07168616361447828,-0.1930856394887952,0.1909212288850762,-0.2001209841892965,-0.002360144295286728,-0.010265320180769703,0.16985771848073694,0.05041121350501962,-0.15119576853588512,0.04222984394810972,-0.011047605612411757,-0.05621169675994549,-0.025727286720171938,-0.009644147796343646,-0.0077927822529043345,-0.08426539290588386,-0.04636207994557232,0.0007419652754789268,0.05350512245370543,0.193598986521815,-0.12776636640539468,-0.001117015301842981,0.0026938415534498517,-0.11827888782584563,-0.07085752053519731,-0.006172265460859511,0.07521915321686026,-0.11152228364304624,-0.03887250649844504,-0.13372666422383184,0.10644314688981488,-0.18184629291599883,-0.015134876360854872,0.1857197627132498,0.047580969066707515,0.01542845164932801,-0.09407972173586802,0.1436731101119458,0.05529749703470109,-0.06711053487202925,1.0091873233225579e-05,-0.008309422800192486,0.020008177823722557,0.12980558622703253,0.021752187324849098,0.018632747983253678,0.0052262119803653095,-0.05684773863610377,0.005169638061872417,-0.13086329107243436,-0.11692661302549673,0.02768198032830323,0.13902872795191026,-0.21329198703954527,-0.13827117122238017,0.10929968359942738,-0.02343537048654145,0.06358321735108848,0.1141710966322303,-0.1247280502908844,0.1311130623795035,-0.24179083195181758,0.06076450585988945,-0.1511263721440682,-0.0602037564261879,0.06331719695187335,-0.014343402821770004,0.05419741892398354,-0.019217246019481875,-0.12796790092351057,-0.2369124738892161,-0.19488690554525326,-0.17976283812146,-0.029635173913997094,0.014820407209301917,0.10620296412351281,0.06660642152127424,0.1633075384362849,-0.11038615135757479,-0.09873346881335199,-0.0904093171674509,0.07651210255237602,0.04787098015668964,0.10392492583432193,0.10151622567769139,0.12051926567587595,-0.13993623486299686,-0.004508719885217393,0.002037705259775942,0.04539099488857639,0.0338405114019452,-0.0724018975817483,-0.067507613912029,0.0024120814519690576,-0.1744467174321254,-0.0006597927454235868,-0.006428833890906432,0.003974117267514417,0.05131491035481721,0.07383309612391215,0.12120215503930701,0.1258062346006976,-0.06851946540341244,-0.09431040687474894,-0.07685522908021156,0.06837867169443752,0.10846971032983373,0.13255282359379802,-0.17774092153401716,-0.06569505999598722,-0.07030347821589261,-0.03465283860137426,0.02466545163933585,-0.12733414092313838,-0.17271487105637648,0.12597398431519244,-0.08540372152276202,-0.08283884118169232,-0.1386016810279522,-0.016792377606855154,0.06906771489416719,-0.12252020220762756,-0.030710864352634155,0.10493509854422696,0.006559575063954807,-0.008071271305811673,0.033505109087241365,0.11200146099632247,0.00730755631603689,0.026722541376266933,-0.06668551238586856,-0.01261416985420468,0.1054460075115214,0.1643592947069519,0.011988596249811828,0.08634181495064167,-0.1957053024618855,-0.13750810758292706,0.11360997710663304,-0.06629443033267265,-0.06466210362421755,-0.07156162112550611,0.15579302733801992,0.03272987011547089,0.027755753304831318,0.15982512206295238,0.2708372170520765,-0.10954888687439612,-0.2067920278680959,-0.1446657186560302,-0.1788583138579663,0.08310135354343122,0.0635679668345569,0.07202049349683756,-0.09861713986738582,-0.08343053077426876,-0.014457959189378575,-0.08647606650040818,-0.13486161101318156,-0.01168256203200128,0.08057231842417299,0.039132888333872365,-0.03646756672590132,0.06475746834787582,0.1372118349353582,0.03453037102106152,0.13540466309006305,0.02318988875097839,0.020517882276244372,0.005821369039582314,-0.1130832507162973,-0.044244093569310125,-0.030206111604147053,0.0665256623298473,-0.11269684951282397,0.14286174210011676,-0.08236801371148779,-0.0295768232661604,0.029795117368181134,-0.04349082770627748,0.18397709057878306,-0.032050578032045376,-0.08484860410889297,0.048165436414072005,0.01887581940871977,-0.057971597857757545,0.046957706185807996,-0.21205531167684394,0.050230578318354875,0.5896195685079787
